/*--------------------------------*- C++ -*----------------------------------*\
  =========                 |
  \\      /  F ield         | OpenFOAM: The Open Source CFD Toolbox
   \\    /   O peration     | Website:  https://openfoam.org
    \\  /    A nd           | Version:  11
     \\/     M anipulation  |
\*---------------------------------------------------------------------------*/
FoamFile
{
    format      ascii;
    class       volScalarField;
    location    "0.5";
    object      CO2;
}
// * * * * * * * * * * * * * * * * * * * * * * * * * * * * * * * * * * * * * //

dimensions      [0 0 0 0 0 0 0];

internalField   nonuniform List<scalar> 
6000
(
1
1
1
1
1
1
1
1
1
1
1
1
1
1
1
1
1
1
1
1
1
1
1
1
1
1
1
1
1
1
1
1
1
1
1
1
1
1
1
1
1
1
1
1
1
1
1
1
1
1
3.8679533e-05
3.8679869e-05
3.8680027e-05
3.8679673e-05
3.8679847e-05
3.8679639e-05
3.8680022e-05
3.8679995e-05
3.8679993e-05
3.8679616e-05
3.8680067e-05
3.8679629e-05
3.8680081e-05
3.867969e-05
3.8679772e-05
3.8680123e-05
3.867976e-05
3.8679807e-05
3.8679829e-05
3.8679744e-05
3.8680106e-05
3.8679478e-05
3.8679786e-05
3.8679931e-05
3.8679979e-05
3.8679585e-05
3.8679634e-05
3.8680123e-05
3.867973e-05
3.8679816e-05
3.8679873e-05
3.8679644e-05
3.8680002e-05
3.8679955e-05
3.8679963e-05
3.8679671e-05
3.867996e-05
3.8679859e-05
3.8679748e-05
3.8679671e-05
3.8680028e-05
3.8680028e-05
3.8679444e-05
3.8680002e-05
3.8679699e-05
3.8680094e-05
3.8679583e-05
3.8680108e-05
3.8679703e-05
3.8680212e-05
1.0571234e-09
1.0571244e-09
1.0571433e-09
1.0571485e-09
1.0571789e-09
1.0571313e-09
1.05716e-09
1.0571408e-09
1.0571199e-09
1.0571682e-09
1.057165e-09
1.0571604e-09
1.0571586e-09
1.0571557e-09
1.0571084e-09
1.0571505e-09
1.0571611e-09
1.0571595e-09
1.057162e-09
1.0571614e-09
1.0571412e-09
1.057133e-09
1.0571667e-09
1.0571491e-09
1.057155e-09
1.0571384e-09
1.057146e-09
1.0571573e-09
1.0571601e-09
1.0571686e-09
1.0571234e-09
1.0571506e-09
1.0571565e-09
1.0571271e-09
1.0571575e-09
1.0571096e-09
1.0571797e-09
1.0571617e-09
1.0571602e-09
1.0571411e-09
1.0571316e-09
1.0571547e-09
1.0571303e-09
1.0571696e-09
1.0571654e-09
1.0571323e-09
1.0571452e-09
1.0571689e-09
1.0571731e-09
1.0571178e-09
2.9140133e-14
2.914136e-14
2.9131986e-14
2.9142398e-14
2.9151937e-14
2.9138592e-14
2.914138e-14
2.9142054e-14
2.9141993e-14
2.9147711e-14
2.9130108e-14
2.9147676e-14
2.9119761e-14
2.9146767e-14
2.9138491e-14
2.9134233e-14
2.9149213e-14
2.9148551e-14
2.9148914e-14
2.915108e-14
2.9131142e-14
2.9135224e-14
2.9142163e-14
2.9128775e-14
2.9122888e-14
2.9141769e-14
2.9140974e-14
2.9122315e-14
2.9147312e-14
2.9150838e-14
2.913956e-14
2.9144687e-14
2.9124967e-14
2.9142208e-14
2.9141623e-14
2.9140112e-14
2.9141093e-14
2.9144171e-14
2.9147793e-14
2.9143013e-14
2.9141427e-14
2.9123101e-14
2.9131546e-14
2.9137e-14
2.9149939e-14
2.9136755e-14
2.9140333e-14
2.9128749e-14
2.914953e-14
2.9141454e-14
8.0446442e-19
8.0454663e-19
8.024831e-19
8.0446164e-19
8.0439696e-19
8.0405275e-19
8.0457448e-19
8.0478193e-19
8.0428013e-19
8.0509779e-19
8.0384322e-19
8.0478447e-19
8.0270156e-19
8.0448683e-19
8.03898e-19
8.0414595e-19
8.0446742e-19
8.0453768e-19
8.0417827e-19
8.0504027e-19
8.0373348e-19
8.0319205e-19
8.0360049e-19
8.0368264e-19
8.0317152e-19
8.0391523e-19
8.036129e-19
8.0315575e-19
8.0441974e-19
8.0468842e-19
8.0418178e-19
8.0387442e-19
8.0293066e-19
8.0457795e-19
8.0423764e-19
8.039527e-19
8.0349847e-19
8.0398744e-19
8.0432856e-19
8.0373555e-19
8.0479053e-19
8.0300217e-19
8.0283549e-19
8.0332138e-19
8.0477954e-19
8.0434898e-19
8.0441002e-19
8.0344587e-19
8.0503986e-19
8.0415163e-19
2.2232909e-23
2.2237586e-23
2.2103348e-23
2.2207116e-23
2.2195823e-23
2.2161851e-23
2.2221122e-23
2.2255487e-23
2.2212731e-23
2.2257e-23
2.2228275e-23
2.2233349e-23
2.2158267e-23
2.2217863e-23
2.2144429e-23
2.2226823e-23
2.2206689e-23
2.2211238e-23
2.21805e-23
2.2243523e-23
2.2210808e-23
2.2148357e-23
2.2116147e-23
2.2206266e-23
2.2188376e-23
2.2186225e-23
2.2131864e-23
2.2205261e-23
2.2180159e-23
2.222359e-23
2.2166651e-23
2.2174995e-23
2.2163299e-23
2.22402e-23
2.2205509e-23
2.2164239e-23
2.2155246e-23
2.217563e-23
2.2203667e-23
2.2158214e-23
2.2255413e-23
2.2183985e-23
2.2129532e-23
2.2136055e-23
2.2238162e-23
2.2199208e-23
2.2212562e-23
2.2179832e-23
2.2236529e-23
2.2191895e-23
6.1367808e-28
6.1516304e-28
6.0984613e-28
6.1257595e-28
6.1380066e-28
6.1065272e-28
6.1391865e-28
6.1541946e-28
6.1445848e-28
6.1522899e-28
6.155255e-28
6.1466184e-28
6.1237731e-28
6.1354604e-28
6.0862692e-28
6.1457319e-28
6.1327072e-28
6.1349232e-28
6.1296884e-28
6.1489871e-28
6.1367741e-28
6.120264e-28
6.0905311e-28
6.1409124e-28
6.1385008e-28
6.1245971e-28
6.0946378e-28
6.1515054e-28
6.1169535e-28
6.1481025e-28
6.1088786e-28
6.1226371e-28
6.1245844e-28
6.1532422e-28
6.1363366e-28
6.1060288e-28
6.1200709e-28
6.1264488e-28
6.132454e-28
6.1042787e-28
6.1607455e-28
6.1393472e-28
6.1059827e-28
6.1093342e-28
6.157458e-28
6.1180194e-28
6.1336754e-28
6.1264669e-28
6.1326632e-28
6.1255641e-28
1.6897194e-32
1.6989169e-32
1.6830159e-32
1.688984e-32
1.6954337e-32
1.686867e-32
1.6957162e-32
1.6981081e-32
1.6990262e-32
1.6992922e-32
1.7043885e-32
1.6965967e-32
1.691016e-32
1.6913973e-32
1.6760417e-32
1.6964053e-32
1.6894609e-32
1.6927038e-32
1.6935216e-32
1.6988376e-32
1.6932289e-32
1.6883177e-32
1.6799473e-32
1.6961091e-32
1.69976e-32
1.688503e-32
1.6820266e-32
1.7018417e-32
1.6860741e-32
1.6990004e-32
1.6865964e-32
1.6861548e-32
1.6920813e-32
1.7007293e-32
1.6961526e-32
1.683627e-32
1.6886014e-32
1.6956969e-32
1.6918614e-32
1.6768349e-32
1.7050711e-32
1.6950004e-32
1.6854017e-32
1.688949e-32
1.7012687e-32
1.6877724e-32
1.6939271e-32
1.69486e-32
1.6892535e-32
1.6885993e-32
4.661185e-37
4.6802389e-37
4.6472216e-37
4.6603373e-37
4.6714004e-37
4.6550792e-37
4.6732728e-37
4.6824805e-37
4.6844231e-37
4.6901623e-37
4.7158956e-37
4.6779732e-37
4.6608304e-37
4.6647321e-37
4.6307012e-37
4.6795874e-37
4.6495962e-37
4.6678045e-37
4.6751035e-37
4.6860994e-37
4.6823994e-37
4.6451285e-37
4.6300324e-37
4.6716878e-37
4.7025043e-37
4.6528916e-37
4.6462547e-37
4.6908903e-37
4.635751e-37
4.6835776e-37
4.6504613e-37
4.6399763e-37
4.6718303e-37
4.6989933e-37
4.6850403e-37
4.6534955e-37
4.6456666e-37
4.6863379e-37
4.6690622e-37
4.6139095e-37
4.7017344e-37
4.6687318e-37
4.6542233e-37
4.6654659e-37
4.6773265e-37
4.6561505e-37
4.6724971e-37
4.6910421e-37
4.6588798e-37
4.6522824e-37
1.2863187e-41
1.2893386e-41
1.2831965e-41
1.2867933e-41
1.2863566e-41
1.2817998e-41
1.2867051e-41
1.2903093e-41
1.288347e-41
1.2939168e-41
1.3022438e-41
1.2924746e-41
1.2848921e-41
1.2876504e-41
1.2766117e-41
1.2926245e-41
1.2822697e-41
1.2866794e-41
1.2917621e-41
1.2892664e-41
1.2933068e-41
1.2789333e-41
1.278274e-41
1.2859499e-41
1.295743e-41
1.2818467e-41
1.282169e-41
1.2902261e-41
1.2790806e-41
1.2886769e-41
1.2819164e-41
1.2809071e-41
1.288963e-41
1.2977608e-41
1.2931569e-41
1.2862992e-41
1.2782052e-41
1.2913062e-41
1.2885115e-41
1.2743597e-41
1.2912656e-41
1.2871001e-41
1.2851981e-41
1.2878554e-41
1.2853406e-41
1.2827836e-41
1.2866735e-41
1.2931937e-41
1.2846911e-41
1.2811918e-41
3.5457775e-46
3.550759e-46
3.5407775e-46
3.5549672e-46
3.5399313e-46
3.5340487e-46
3.5447554e-46
3.5520405e-46
3.5454896e-46
3.5649643e-46
3.5845948e-46
3.567375e-46
3.5458544e-46
3.5540209e-46
3.5211245e-46
3.5698092e-46
3.5364602e-46
3.5391457e-46
3.5631538e-46
3.5466765e-46
3.55937e-46
3.520224e-46
3.5304294e-46
3.5396337e-46
3.558533e-46
3.533805e-46
3.5394205e-46
3.5510041e-46
3.5458357e-46
3.5412767e-46
3.5358505e-46
3.5347341e-46
3.5563339e-46
3.5767284e-46
3.5638375e-46
3.5529079e-46
3.5212486e-46
3.5546623e-46
3.5516078e-46
3.5247857e-46
3.5446005e-46
3.5470056e-46
3.5482125e-46
3.5529282e-46
3.535565e-46
3.5364536e-46
3.5455903e-46
3.5533789e-46
3.5372047e-46
3.5260369e-46
9.7955791e-51
9.7677496e-51
9.7571273e-51
9.8263308e-51
9.7521442e-51
9.7456533e-51
9.7637101e-51
9.7946569e-51
9.7593139e-51
9.8155674e-51
9.8488335e-51
9.8200429e-51
9.7777048e-51
9.8063874e-51
9.746424e-51
9.8405111e-51
9.7500888e-51
9.7231813e-51
9.8379308e-51
9.7655148e-51
9.8214041e-51
9.7044942e-51
9.7341534e-51
9.7348902e-51
9.7873819e-51
9.7529779e-51
9.773276e-51
9.7819889e-51
9.8144688e-51
9.7591929e-51
9.74363e-51
9.7467879e-51
9.8027347e-51
9.8576619e-51
9.7978613e-51
9.8269309e-51
9.7156009e-51
9.7741989e-51
9.7774307e-51
9.7608309e-51
9.7410374e-51
9.7767087e-51
9.7825051e-51
9.7834189e-51
9.7307842e-51
9.7412056e-51
9.7767211e-51
9.7797738e-51
9.7530018e-51
9.7237182e-51
2.7055173e-55
2.6883635e-55
2.6900959e-55
2.7106335e-55
2.6841855e-55
2.6849317e-55
2.689728e-55
2.7019001e-55
2.6854415e-55
2.7065614e-55
2.7063821e-55
2.7041625e-55
2.6969058e-55
2.706897e-55
2.6957232e-55
2.7085416e-55
2.6897081e-55
2.6763874e-55
2.7228897e-55
2.6805948e-55
2.7104645e-55
2.6784165e-55
2.687136e-55
2.6833816e-55
2.6970461e-55
2.6916437e-55
2.700192e-55
2.6949451e-55
2.7114239e-55
2.69708e-55
2.6885731e-55
2.6914042e-55
2.6930208e-55
2.7197828e-55
2.6938231e-55
2.720241e-55
2.6799183e-55
2.6909622e-55
2.6913374e-55
2.6977777e-55
2.6813344e-55
2.6928097e-55
2.6976176e-55
2.6945231e-55
2.6863632e-55
2.6852303e-55
2.6912235e-55
2.6956127e-55
2.6961e-55
2.6807128e-55
7.4628178e-60
7.3927934e-60
7.429139e-60
7.4622386e-60
7.3962522e-60
7.3900146e-60
7.4139629e-60
7.4568357e-60
7.3984793e-60
7.4673658e-60
7.4327692e-60
7.4486947e-60
7.452535e-60
7.4665939e-60
7.4367503e-60
7.4518857e-60
7.4162931e-60
7.3659203e-60
7.5246707e-60
7.3583273e-60
7.4474627e-60
7.3919613e-60
7.4201642e-60
7.4124704e-60
7.4311965e-60
7.4159082e-60
7.4576592e-60
7.4120038e-60
7.47906e-60
7.4552889e-60
7.4112756e-60
7.4355495e-60
7.3972641e-60
7.497058e-60
7.4139757e-60
7.5153066e-60
7.3691807e-60
7.4175291e-60
7.4120011e-60
7.4543212e-60
7.3779367e-60
7.4055538e-60
7.4420202e-60
7.4268322e-60
7.424738e-60
7.4144814e-60
7.4158005e-60
7.427619e-60
7.4546134e-60
7.3831476e-60
2.0615951e-64
2.0378847e-64
2.0497834e-64
2.0532719e-64
2.0427808e-64
2.0377394e-64
2.042039e-64
2.0581993e-64
2.0379632e-64
2.060517e-64
2.0414032e-64
2.0501983e-64
2.0601196e-64
2.0567695e-64
2.0484054e-64
2.0499039e-64
2.0434275e-64
2.024153e-64
2.0774468e-64
2.0305988e-64
2.0463824e-64
2.0452384e-64
2.0490404e-64
2.0461486e-64
2.0484258e-64
2.043004e-64
2.0579009e-64
2.0387159e-64
2.0606254e-64
2.0591959e-64
2.0416053e-64
2.0556401e-64
2.0407673e-64
2.0626945e-64
2.0412641e-64
2.0691776e-64
2.0284299e-64
2.0440611e-64
2.0425861e-64
2.0621149e-64
2.032303e-64
2.0364471e-64
2.0505426e-64
2.0436882e-64
2.0486656e-64
2.0450955e-64
2.0472839e-64
2.0481086e-64
2.0593322e-64
2.0372805e-64
5.6968619e-69
5.6331154e-69
5.6511199e-69
5.6541044e-69
5.625527e-69
5.6238273e-69
5.623055e-69
5.6702361e-69
5.6291062e-69
5.6802391e-69
5.6123045e-69
5.6397936e-69
5.6908422e-69
5.6704052e-69
5.6533204e-69
5.6405272e-69
5.6238578e-69
5.5764093e-69
5.722028e-69
5.6176419e-69
5.6418443e-69
5.6627081e-69
5.6485993e-69
5.6409264e-69
5.6456361e-69
5.6371752e-69
5.6737458e-69
5.6168938e-69
5.6632153e-69
5.6780534e-69
5.6316646e-69
5.6773918e-69
5.6355069e-69
5.6713661e-69
5.6240988e-69
5.6870462e-69
5.5974048e-69
5.6293818e-69
5.6344163e-69
5.6939482e-69
5.6035987e-69
5.5996371e-69
5.6443009e-69
5.6268201e-69
5.6595418e-69
5.6320656e-69
5.6446421e-69
5.6472391e-69
5.6853933e-69
5.6260667e-69
1.570883e-73
1.555538e-73
1.5592219e-73
1.5592985e-73
1.5482675e-73
1.5492632e-73
1.54884e-73
1.5626235e-73
1.5557287e-73
1.5666703e-73
1.5453548e-73
1.5515515e-73
1.5708422e-73
1.5621123e-73
1.5628959e-73
1.5524655e-73
1.5469377e-73
1.5372099e-73
1.5723482e-73
1.5495476e-73
1.5586608e-73
1.5638973e-73
1.5514372e-73
1.5532348e-73
1.5555636e-73
1.5550099e-73
1.5654989e-73
1.5467399e-73
1.5582563e-73
1.5628934e-73
1.5527818e-73
1.5660272e-73
1.5538657e-73
1.562814e-73
1.5489623e-73
1.5633863e-73
1.5423039e-73
1.5482882e-73
1.5530311e-73
1.568986e-73
1.5445213e-73
1.5426944e-73
1.5546965e-73
1.5525189e-73
1.5623327e-73
1.5492621e-73
1.5556677e-73
1.5579485e-73
1.5685259e-73
1.5507973e-73
4.3299162e-78
4.2991582e-78
4.312876e-78
4.2968396e-78
4.2736915e-78
4.2679041e-78
4.2641623e-78
4.3023973e-78
4.2869486e-78
4.3297613e-78
4.2672853e-78
4.2790114e-78
4.3295183e-78
4.3002807e-78
4.3152213e-78
4.2742099e-78
4.2690784e-78
4.2390018e-78
4.3265069e-78
4.2642218e-78
4.3109369e-78
4.3054657e-78
4.2674072e-78
4.2736509e-78
4.2844993e-78
4.2948478e-78
4.3191976e-78
4.2657257e-78
4.3051869e-78
4.301985e-78
4.2825662e-78
4.3189319e-78
4.2797892e-78
4.3126617e-78
4.2652843e-78
4.3038642e-78
4.2450188e-78
4.2641121e-78
4.2836895e-78
4.3178194e-78
4.2619969e-78
4.2577212e-78
4.2856138e-78
4.2824772e-78
4.2950119e-78
4.2629878e-78
4.2872774e-78
4.3084476e-78
4.3187e-78
4.2734653e-78
1.1938041e-82
1.1876079e-82
1.1933195e-82
1.1835358e-82
1.1811832e-82
1.1754604e-82
1.1747502e-82
1.1828096e-82
1.1808044e-82
1.1953123e-82
1.1790332e-82
1.1808301e-82
1.1915497e-82
1.1839888e-82
1.1874324e-82
1.1764965e-82
1.1827169e-82
1.1699167e-82
1.1924081e-82
1.177338e-82
1.190317e-82
1.1849079e-82
1.1776457e-82
1.1757977e-82
1.1801684e-82
1.187929e-82
1.1902682e-82
1.17802e-82
1.1882382e-82
1.1851253e-82
1.1811632e-82
1.1899531e-82
1.1788269e-82
1.1887339e-82
1.1776608e-82
1.1859815e-82
1.1664575e-82
1.1760939e-82
1.1809917e-82
1.1908693e-82
1.1744951e-82
1.1766269e-82
1.1802258e-82
1.182999e-82
1.1807767e-82
1.1745822e-82
1.182145e-82
1.1891416e-82
1.1872552e-82
1.1801029e-82
3.2884218e-87
3.274085e-87
3.2974573e-87
3.2622442e-87
3.257708e-87
3.240914e-87
3.2401776e-87
3.258249e-87
3.251879e-87
3.293525e-87
3.2461979e-87
3.255594e-87
3.2809344e-87
3.2586497e-87
3.260673e-87
3.2408557e-87
3.2732101e-87
3.2252464e-87
3.2901087e-87
3.2578212e-87
3.2810637e-87
3.2637611e-87
3.2491837e-87
3.2345254e-87
3.2477215e-87
3.2779251e-87
3.2840895e-87
3.2472516e-87
3.274562e-87
3.2648911e-87
3.2554276e-87
3.2788842e-87
3.2509694e-87
3.2765496e-87
3.2540639e-87
3.2597696e-87
3.2073797e-87
3.2408519e-87
3.2549597e-87
3.290402e-87
3.2363594e-87
3.2549277e-87
3.2587572e-87
3.2751391e-87
3.2527686e-87
3.2362831e-87
3.2618384e-87
3.2718902e-87
3.2708874e-87
3.2592195e-87
9.0708411e-92
9.0288351e-92
9.1008309e-92
8.9949764e-92
8.968059e-92
8.9352034e-92
8.939663e-92
8.9769085e-92
8.9688862e-92
9.0775437e-92
8.9356897e-92
8.9841971e-92
9.0565911e-92
8.964724e-92
8.9676189e-92
8.9348979e-92
9.0400043e-92
8.9095148e-92
9.065963e-92
9.0040371e-92
9.0475531e-92
8.983244e-92
8.9477009e-92
8.9018986e-92
8.9365124e-92
9.0108611e-92
9.0424475e-92
8.9434923e-92
9.014203e-92
8.9921592e-92
8.9695338e-92
9.0382324e-92
8.9701247e-92
9.0471264e-92
8.9808087e-92
8.9616998e-92
8.8632417e-92
8.9276408e-92
8.9866152e-92
9.0780228e-92
8.9323329e-92
8.9916525e-92
9.0342354e-92
9.0583574e-92
8.9691783e-92
8.9235876e-92
8.992549e-92
9.0220928e-92
9.0248614e-92
8.9944115e-92
2.5028408e-96
2.4938867e-96
2.5083184e-96
2.4773714e-96
2.4727567e-96
2.462267e-96
2.4663036e-96
2.4737891e-96
2.4740862e-96
2.5051503e-96
2.4636396e-96
2.4752464e-96
2.4982393e-96
2.4684891e-96
2.4659993e-96
2.4604651e-96
2.4976962e-96
2.4632878e-96
2.4948757e-96
2.4845036e-96
2.4940355e-96
2.4784315e-96
2.46521e-96
2.4535193e-96
2.4615906e-96
2.4783641e-96
2.483124e-96
2.4664182e-96
2.481818e-96
2.4756343e-96
2.470003e-96
2.4919495e-96
2.4732071e-96
2.5004633e-96
2.4786436e-96
2.4756027e-96
2.4518835e-96
2.4650932e-96
2.4801035e-96
2.5022345e-96
2.4651308e-96
2.4799495e-96
2.5041316e-96
2.5025022e-96
2.4742436e-96
2.4631237e-96
2.477233e-96
2.4898923e-96
2.4835897e-96
2.4797416e-96
6.8979125e-101
6.8822391e-101
6.9057733e-101
6.8135494e-101
6.8283026e-101
6.7866009e-101
6.8033158e-101
6.8331096e-101
6.8255933e-101
6.9012825e-101
6.7871951e-101
6.8042515e-101
6.8747698e-101
6.8069436e-101
6.7857057e-101
6.7807102e-101
6.8868811e-101
6.8077782e-101
6.8656586e-101
6.8460895e-101
6.8753018e-101
6.8449087e-101
6.7907329e-101
6.7550774e-101
6.7820432e-101
6.8223471e-101
6.8247297e-101
6.8109431e-101
6.839918e-101
6.8261497e-101
6.7974752e-101
6.8809575e-101
6.8059078e-101
6.9008194e-101
6.8439038e-101
6.8388218e-101
6.7658388e-101
6.7989181e-101
6.8384951e-101
6.8986512e-101
6.8011612e-101
6.8394573e-101
6.9241295e-101
6.907217e-101
6.8259774e-101
6.784121e-101
6.8231122e-101
6.8542408e-101
6.8378117e-101
6.8454644e-101
1.9041856e-105
1.8957792e-105
1.901721e-105
1.8756427e-105
1.8867614e-105
1.8692865e-105
1.8765235e-105
1.8851457e-105
1.883938e-105
1.8980689e-105
1.8723955e-105
1.8742784e-105
1.892294e-105
1.8773109e-105
1.8734563e-105
1.8734307e-105
1.8943913e-105
1.882797e-105
1.8892768e-105
1.8864131e-105
1.8938797e-105
1.8860688e-105
1.8692408e-105
1.8623874e-105
1.8724705e-105
1.8768872e-105
1.8779835e-105
1.8796364e-105
1.8856875e-105
1.8820048e-105
1.8705619e-105
1.9010888e-105
1.8723656e-105
1.9018088e-105
1.8925779e-105
1.885478e-105
1.8682429e-105
1.8685863e-105
1.8878673e-105
1.9013726e-105
1.8782304e-105
1.8860077e-105
1.9094906e-105
1.9067649e-105
1.8827399e-105
1.867965e-105
1.8824585e-105
1.8854206e-105
1.8875823e-105
1.892113e-105
5.2637759e-110
5.2141755e-110
5.2404983e-110
5.1793312e-110
5.2113219e-110
5.1603385e-110
5.1797334e-110
5.2004809e-110
5.1985799e-110
5.2251201e-110
5.1698359e-110
5.1698175e-110
5.2113013e-110
5.1744332e-110
5.174392e-110
5.1816789e-110
5.2142706e-110
5.2006662e-110
5.2047339e-110
5.1960623e-110
5.2153799e-110
5.1959191e-110
5.1538594e-110
5.1498456e-110
5.1801359e-110
5.1726708e-110
5.1753301e-110
5.1856429e-110
5.191556e-110
5.1867748e-110
5.1590617e-110
5.2419701e-110
5.1583657e-110
5.2365261e-110
5.2306171e-110
5.2030192e-110
5.1668884e-110
5.1422264e-110
5.221907e-110
5.2372917e-110
5.1881132e-110
5.199756e-110
5.249303e-110
5.2630333e-110
5.1899107e-110
5.1532797e-110
5.1999451e-110
5.1972072e-110
5.2083914e-110
5.2216183e-110
1.4535199e-114
1.4362348e-114
1.4420987e-114
1.4331755e-114
1.4362117e-114
1.4258489e-114
1.4329216e-114
1.4371814e-114
1.4333222e-114
1.4386629e-114
1.4278487e-114
1.4248353e-114
1.4349865e-114
1.4267244e-114
1.4287788e-114
1.4312297e-114
1.4359774e-114
1.4366915e-114
1.4340412e-114
1.4287408e-114
1.4357599e-114
1.4286231e-114
1.4171931e-114
1.4224583e-114
1.4316299e-114
1.4260989e-114
1.4270922e-114
1.4317694e-114
1.4249611e-114
1.4290986e-114
1.422944e-114
1.4392768e-114
1.4207876e-114
1.4406365e-114
1.4414537e-114
1.4366406e-114
1.426697e-114
1.4209269e-114
1.4431031e-114
1.4429269e-114
1.4297316e-114
1.4344753e-114
1.4430188e-114
1.4482375e-114
1.4279196e-114
1.422511e-114
1.4332162e-114
1.434504e-114
1.4389204e-114
1.4395609e-114
4.0090721e-119
3.9706733e-119
3.9632568e-119
3.9663392e-119
3.9525963e-119
3.9347863e-119
3.9631715e-119
3.9713183e-119
3.9465791e-119
3.9628275e-119
3.9401256e-119
3.9254847e-119
3.9514874e-119
3.9326265e-119
3.9466281e-119
3.9497443e-119
3.9525611e-119
3.9679234e-119
3.9525077e-119
3.9263808e-119
3.9528343e-119
3.9335041e-119
3.8948612e-119
3.922117e-119
3.9459276e-119
3.9309781e-119
3.9243993e-119
3.9497552e-119
3.9175815e-119
3.9314869e-119
3.9189118e-119
3.9513586e-119
3.9196634e-119
3.9635331e-119
3.9683017e-119
3.9530101e-119
3.9328846e-119
3.9348892e-119
3.9797105e-119
3.9713604e-119
3.929966e-119
3.9592953e-119
3.9681296e-119
3.9800612e-119
3.9338313e-119
3.9274172e-119
3.9400046e-119
3.9537166e-119
3.9729123e-119
3.9644922e-119
1.1060026e-123
1.0980341e-123
1.0900376e-123
1.0970783e-123
1.090298e-123
1.0860219e-123
1.0930766e-123
1.0969582e-123
1.0875528e-123
1.0918347e-123
1.0871762e-123
1.0813563e-123
1.0870664e-123
1.0840815e-123
1.0867411e-123
1.0890355e-123
1.0876629e-123
1.0945984e-123
1.090566e-123
1.082031e-123
1.0868307e-123
1.0882982e-123
1.0764296e-123
1.0799993e-123
1.0875037e-123
1.0828716e-123
1.0786373e-123
1.0860033e-123
1.0799578e-123
1.083783e-123
1.0817424e-123
1.089293e-123
1.0836733e-123
1.0910022e-123
1.0940515e-123
1.0839627e-123
1.0853019e-123
1.0893569e-123
1.0975023e-123
1.0938549e-123
1.0803172e-123
1.0904756e-123
1.0903332e-123
1.0968476e-123
1.0874534e-123
1.0848567e-123
1.0841691e-123
1.0901784e-123
1.0944304e-123
1.0914771e-123
3.0507179e-128
3.0340061e-128
3.0006636e-128
3.0280367e-128
3.0135592e-128
2.9970066e-128
3.0101827e-128
3.0271552e-128
2.9987274e-128
3.0095557e-128
3.000118e-128
2.9809205e-128
2.9895209e-128
2.9906514e-128
2.9896797e-128
3.0023568e-128
3.0005538e-128
3.0226593e-128
3.0133121e-128
2.986582e-128
2.9863854e-128
3.0089143e-128
2.9779895e-128
2.979762e-128
3.0008279e-128
2.9837447e-128
2.9695083e-128
2.9844562e-128
2.9736251e-128
2.9868788e-128
2.9914334e-128
3.0036827e-128
2.994773e-128
3.0061205e-128
3.0165321e-128
2.9811664e-128
2.9980376e-128
3.0103903e-128
3.0264464e-128
3.0201903e-128
2.9746583e-128
3.0017054e-128
2.9911803e-128
3.0215328e-128
3.0035373e-128
2.9941432e-128
2.9921118e-128
3.0135813e-128
3.0230782e-128
3.0114095e-128
8.4054143e-133
8.3785786e-133
8.2826558e-133
8.3317778e-133
8.3080184e-133
8.2748929e-133
8.2664621e-133
8.3336512e-133
8.2744476e-133
8.2899567e-133
8.2664716e-133
8.2224744e-133
8.237221e-133
8.2386392e-133
8.2363254e-133
8.2863938e-133
8.2919581e-133
8.3439228e-133
8.3195061e-133
8.2436199e-133
8.2295892e-133
8.3003209e-133
8.2242124e-133
8.2304538e-133
8.2722862e-133
8.2318583e-133
8.176782e-133
8.2343326e-133
8.1846393e-133
8.209566e-133
8.2739604e-133
8.2781087e-133
8.2829791e-133
8.3022816e-133
8.2955407e-133
8.2204104e-133
8.2711645e-133
8.3118933e-133
8.3436799e-133
8.3439899e-133
8.2019121e-133
8.2803328e-133
8.1912964e-133
8.3144584e-133
8.2688744e-133
8.2568091e-133
8.2634045e-133
8.3381664e-133
8.3647539e-133
8.3170805e-133
2.3131897e-137
2.3126122e-137
2.2889189e-137
2.2894646e-137
2.2864709e-137
2.2837156e-137
2.2679364e-137
2.2903003e-137
2.2816242e-137
2.2833736e-137
2.280395e-137
2.2703307e-137
2.2702274e-137
2.2686788e-137
2.2690357e-137
2.285403e-137
2.2876005e-137
2.3015568e-137
2.295248e-137
2.2759122e-137
2.2676643e-137
2.2857461e-137
2.2720069e-137
2.2689889e-137
2.2786393e-137
2.2641683e-137
2.2589838e-137
2.2728922e-137
2.2543678e-137
2.2626908e-137
2.2842052e-137
2.2809065e-137
2.2907258e-137
2.291092e-137
2.278582e-137
2.2624506e-137
2.2801586e-137
2.2988721e-137
2.2978635e-137
2.3019501e-137
2.2597838e-137
2.2835077e-137
2.2459707e-137
2.2898391e-137
2.2735735e-137
2.27564e-137
2.2830349e-137
2.3053484e-137
2.3100028e-137
2.2926476e-137
6.3587565e-142
6.3797529e-142
6.3171063e-142
6.2990709e-142
6.3074049e-142
6.2928541e-142
6.233028e-142
6.3039179e-142
6.2844545e-142
6.2995898e-142
6.2885064e-142
6.2623736e-142
6.2476425e-142
6.2534881e-142
6.2580215e-142
6.3015479e-142
6.3075854e-142
6.3377212e-142
6.3306879e-142
6.2740396e-142
6.2481539e-142
6.2828988e-142
6.2678678e-142
6.2526782e-142
6.2806201e-142
6.2174505e-142
6.2505187e-142
6.2727198e-142
6.2186441e-142
6.26078e-142
6.2941173e-142
6.2815529e-142
6.3284695e-142
6.3090502e-142
6.2771119e-142
6.2200094e-142
6.2833027e-142
6.3643822e-142
6.3243829e-142
6.3346626e-142
6.2241357e-142
6.290731e-142
6.1605386e-142
6.2972185e-142
6.2670444e-142
6.2631532e-142
6.306919e-142
6.3500502e-142
6.3631347e-142
6.3116547e-142
1.7514796e-146
1.7601332e-146
1.7423501e-146
1.7360062e-146
1.7413888e-146
1.7344725e-146
1.7125076e-146
1.7364991e-146
1.7341814e-146
1.7357204e-146
1.7349286e-146
1.724452e-146
1.7173037e-146
1.723774e-146
1.7268986e-146
1.7372177e-146
1.7384212e-146
1.7421745e-146
1.7426043e-146
1.7273354e-146
1.7229507e-146
1.7302991e-146
1.7287241e-146
1.7225186e-146
1.7326003e-146
1.7134355e-146
1.7263514e-146
1.734385e-146
1.7153715e-146
1.7319688e-146
1.7360469e-146
1.7329488e-146
1.7457892e-146
1.7369305e-146
1.7325794e-146
1.7127959e-146
1.7266885e-146
1.7548824e-146
1.7421732e-146
1.7441399e-146
1.7166716e-146
1.7325592e-146
1.6919205e-146
1.7361525e-146
1.7312419e-146
1.7261194e-146
1.7381197e-146
1.7449574e-146
1.7499987e-146
1.7393277e-146
4.8341332e-151
4.8520211e-151
4.7978839e-151
4.7886784e-151
4.80375e-151
4.7761329e-151
4.7195257e-151
4.7738732e-151
4.7952478e-151
4.7771555e-151
4.7918042e-151
4.7426895e-151
4.7261818e-151
4.7492099e-151
4.7639239e-151
4.7876561e-151
4.7914756e-151
4.7985764e-151
4.799475e-151
4.7546318e-151
4.7518725e-151
4.7765939e-151
4.7831998e-151
4.7462947e-151
4.7898886e-151
4.7378772e-151
4.7666689e-151
4.7896844e-151
4.7237584e-151
4.7853961e-151
4.7896009e-151
4.7825889e-151
4.8088012e-151
4.7782395e-151
4.7720998e-151
4.7243262e-151
4.748563e-151
4.8216994e-151
4.7925676e-151
4.8132575e-151
4.7337371e-151
4.7736021e-151
4.6647044e-151
4.799238e-151
4.7881679e-151
4.7615106e-151
4.7819974e-151
4.8092694e-151
4.8196683e-151
4.7998259e-151
1.3332956e-155
1.3357679e-155
1.3207165e-155
1.3199218e-155
1.3241914e-155
1.3156021e-155
1.308497e-155
1.3124378e-155
1.3255176e-155
1.314873e-155
1.3211323e-155
1.3071784e-155
1.3040495e-155
1.3083133e-155
1.3136737e-155
1.3182874e-155
1.3207887e-155
1.3253766e-155
1.3232135e-155
1.3120144e-155
1.3103253e-155
1.3160797e-155
1.3259857e-155
1.3102297e-155
1.3255677e-155
1.3071738e-155
1.3143828e-155
1.3211827e-155
1.3024302e-155
1.3221251e-155
1.321102e-155
1.3164555e-155
1.3251111e-155
1.3156512e-155
1.3126144e-155
1.3042627e-155
1.3096037e-155
1.3265393e-155
1.3197173e-155
1.3275432e-155
1.3048767e-155
1.3161518e-155
1.2864212e-155
1.3237225e-155
1.3235396e-155
1.3106211e-155
1.3150543e-155
1.3265754e-155
1.3287313e-155
1.3235336e-155
3.6741376e-160
3.681178e-160
3.6345037e-160
3.6366245e-160
3.6478131e-160
3.6305271e-160
3.6297069e-160
3.6193434e-160
3.6603771e-160
3.6217253e-160
3.6435436e-160
3.609784e-160
3.5980369e-160
3.6062831e-160
3.6278901e-160
3.6344964e-160
3.640421e-160
3.6616322e-160
3.6444223e-160
3.6211687e-160
3.6115618e-160
3.6180162e-160
3.672519e-160
3.6176269e-160
3.6589867e-160
3.5918419e-160
3.6221421e-160
3.6465234e-160
3.5979573e-160
3.6529374e-160
3.6361847e-160
3.6211713e-160
3.654431e-160
3.6317893e-160
3.618407e-160
3.5961487e-160
3.6094966e-160
3.6508848e-160
3.6432843e-160
3.6556415e-160
3.594676e-160
3.6303323e-160
3.5454904e-160
3.6437449e-160
3.6535792e-160
3.607033e-160
3.6231248e-160
3.6587671e-160
3.660126e-160
3.6457397e-160
1.011199e-164
1.0150075e-164
1.0012515e-164
1.0028583e-164
1.0048669e-164
1.0010465e-164
1.0036375e-164
9.989399e-165
1.0103102e-164
9.9773478e-165
1.0062235e-164
9.9423357e-165
9.928491e-165
9.927959e-165
1.0046868e-164
1.0039101e-164
1.0028864e-164
1.0103712e-164
1.001648e-164
9.9591387e-165
9.9656829e-165
9.9458821e-165
1.0152613e-164
9.9733653e-165
1.0083598e-164
9.8835967e-165
9.9900439e-165
1.0067385e-164
9.9342681e-165
1.008935e-164
9.9834283e-165
9.9779517e-165
1.0072223e-164
1.0016852e-164
9.9794227e-165
9.8926695e-165
9.9498356e-165
1.0044023e-164
1.0057743e-164
1.0049276e-164
9.9142693e-165
1.0006353e-164
9.7771695e-165
1.0024857e-164
1.0079299e-164
9.9433437e-165
9.9989912e-165
1.0096435e-164
1.0092179e-164
1.003031e-164
2.7857965e-169
2.7994772e-169
2.7638779e-169
2.7646933e-169
2.7697565e-169
2.7577635e-169
2.7692733e-169
2.7591654e-169
2.7871855e-169
2.7507529e-169
2.7721141e-169
2.7378327e-169
2.7388893e-169
2.7311915e-169
2.7810107e-169
2.7692053e-169
2.7624439e-169
2.7872506e-169
2.7558427e-169
2.7383601e-169
2.7515972e-169
2.7364343e-169
2.7988724e-169
2.7492937e-169
2.7816226e-169
2.7283629e-169
2.7548814e-169
2.7774036e-169
2.7379224e-169
2.7819293e-169
2.750112e-169
2.7501994e-169
2.7761274e-169
2.758219e-169
2.7477774e-169
2.7243613e-169
2.7443872e-169
2.7573447e-169
2.7759466e-169
2.76209e-169
2.7424835e-169
2.7576464e-169
2.6993268e-169
2.7633183e-169
2.7764393e-169
2.745378e-169
2.7573988e-169
2.7810062e-169
2.7866413e-169
2.7555031e-169
7.6815546e-174
7.7224988e-174
7.6247911e-174
7.6181424e-174
7.6309295e-174
7.6063659e-174
7.6413752e-174
7.6420997e-174
7.6809654e-174
7.5835507e-174
7.6168444e-174
7.5328217e-174
7.548336e-174
7.5193761e-174
7.673988e-174
7.643385e-174
7.6069757e-174
7.6831183e-174
7.5866234e-174
7.529773e-174
7.5935384e-174
7.5390292e-174
7.7033552e-174
7.5817609e-174
7.6668922e-174
7.545468e-174
7.5922087e-174
7.6510201e-174
7.5497534e-174
7.6718075e-174
7.5966614e-174
7.5775049e-174
7.662242e-174
7.601128e-174
7.566715e-174
7.5141675e-174
7.5726491e-174
7.579354e-174
7.6612868e-174
7.5942936e-174
7.5847626e-174
7.6118428e-174
7.476546e-174
7.6427554e-174
7.6577951e-174
7.5825472e-174
7.60496e-174
7.6749737e-174
7.6857639e-174
7.5820929e-174
2.1208083e-178
2.1277204e-178
2.1027423e-178
2.1008151e-178
2.0984493e-178
2.1011701e-178
2.1086823e-178
2.1162021e-178
2.1192196e-178
2.0899966e-178
2.0912588e-178
2.0752383e-178
2.0797268e-178
2.0671668e-178
2.1142912e-178
2.109892e-178
2.0936971e-178
2.1184938e-178
2.0840818e-178
2.0722473e-178
2.0963237e-178
2.0769967e-178
2.1210033e-178
2.0859262e-178
2.1116514e-178
2.0855421e-178
2.0920183e-178
2.1094103e-178
2.0836625e-178
2.1178713e-178
2.0958238e-178
2.0879388e-178
2.1125983e-178
2.0933908e-178
2.0827721e-178
2.0747601e-178
2.0918614e-178
2.0941625e-178
2.1184004e-178
2.0924178e-178
2.0897087e-178
2.1015393e-178
2.071429e-178
2.1135097e-178
2.1149877e-178
2.0896812e-178
2.0962727e-178
2.125193e-178
2.1168173e-178
2.0910082e-178
5.8492212e-183
5.8586733e-183
5.7888388e-183
5.8010569e-183
5.7707989e-183
5.8113271e-183
5.8200077e-183
5.843298e-183
5.8587572e-183
5.7616163e-183
5.7552545e-183
5.740064e-183
5.7274866e-183
5.6862644e-183
5.8274422e-183
5.8166658e-183
5.7619128e-183
5.8411741e-183
5.7372646e-183
5.7148427e-183
5.7893849e-183
5.7165423e-183
5.8317418e-183
5.7395444e-183
5.8161584e-183
5.7500085e-183
5.7589541e-183
5.8232935e-183
5.7416702e-183
5.8211218e-183
5.7838787e-183
5.7532174e-183
5.8150811e-183
5.768354e-183
5.7371296e-183
5.7293727e-183
5.7789432e-183
5.7839268e-183
5.855524e-183
5.7938987e-183
5.7445344e-183
5.7966846e-183
5.7352512e-183
5.827395e-183
5.8291978e-183
5.7572205e-183
5.7784545e-183
5.8792152e-183
5.8253504e-183
5.7634086e-183
1.6102073e-187
1.6125712e-187
1.5904044e-187
1.5988526e-187
1.5880704e-187
1.6055773e-187
1.6077044e-187
1.6100585e-187
1.6181687e-187
1.5867586e-187
1.5882813e-187
1.5862236e-187
1.5808696e-187
1.5704198e-187
1.6034865e-187
1.6011109e-187
1.5874635e-187
1.6094852e-187
1.5822163e-187
1.5747519e-187
1.5982653e-187
1.5734536e-187
1.6043373e-187
1.5812812e-187
1.6022653e-187
1.5843669e-187
1.5836794e-187
1.6057469e-187
1.5821766e-187
1.5962313e-187
1.5963223e-187
1.5854093e-187
1.5999017e-187
1.5895703e-187
1.5820348e-187
1.5801212e-187
1.595689e-187
1.5922686e-187
1.613917e-187
1.6007014e-187
1.5795657e-187
1.5987486e-187
1.5875744e-187
1.6040374e-187
1.6076065e-187
1.5873009e-187
1.5926366e-187
1.6204127e-187
1.6030176e-187
1.585881e-187
4.4409412e-192
4.4330618e-192
4.3785958e-192
4.396914e-192
4.3737189e-192
4.4189721e-192
4.4379333e-192
4.4352196e-192
4.4632363e-192
4.3670533e-192
4.375496e-192
4.3709278e-192
4.3757692e-192
4.3462287e-192
4.4071271e-192
4.4092041e-192
4.3796406e-192
4.4346388e-192
4.3493328e-192
4.334124e-192
4.4131518e-192
4.336315e-192
4.4180895e-192
4.351868e-192
4.4126583e-192
4.3640502e-192
4.3662051e-192
4.4246434e-192
4.357015e-192
4.3944119e-192
4.4045299e-192
4.362884e-192
4.404056e-192
4.3803552e-192
4.3548174e-192
4.3532362e-192
4.4074968e-192
4.3793496e-192
4.4450965e-192
4.4017198e-192
4.3427594e-192
4.4056834e-192
4.3886253e-192
4.4168515e-192
4.4382885e-192
4.3671353e-192
4.3736508e-192
4.4499932e-192
4.4136427e-192
4.3638819e-192
1.2249297e-196
1.2209947e-196
1.207547e-196
1.2107611e-196
1.2057329e-196
1.2158111e-196
1.2241153e-196
1.2231689e-196
1.2289746e-196
1.2020149e-196
1.2054367e-196
1.204579e-196
1.2089984e-196
1.202316e-196
1.2138252e-196
1.2173632e-196
1.2070001e-196
1.2217141e-196
1.1947507e-196
1.1947101e-196
1.2186653e-196
1.194952e-196
1.2178364e-196
1.1985958e-196
1.2142192e-196
1.2028322e-196
1.2050156e-196
1.2191219e-196
1.2008426e-196
1.211998e-196
1.2139898e-196
1.2003455e-196
1.2127853e-196
1.2092786e-196
1.1969482e-196
1.1996287e-196
1.2167339e-196
1.2077133e-196
1.2221962e-196
1.2112923e-196
1.1959208e-196
1.2131196e-196
1.2135032e-196
1.2171714e-196
1.2251493e-196
1.2022896e-196
1.2032158e-196
1.2198188e-196
1.2146357e-196
1.2022673e-196
3.3783324e-201
3.3711651e-201
3.3305805e-201
3.3340415e-201
3.3232047e-201
3.3556382e-201
3.3768468e-201
3.3842134e-201
3.3799364e-201
3.3169243e-201
3.3259556e-201
3.3234194e-201
3.330184e-201
3.3268526e-201
3.3485258e-201
3.3590521e-201
3.3318427e-201
3.3694054e-201
3.2996524e-201
3.2984279e-201
3.3614438e-201
3.2921613e-201
3.3618544e-201
3.3016778e-201
3.3505869e-201
3.3168976e-201
3.3199317e-201
3.3564284e-201
3.3187156e-201
3.3335768e-201
3.3423484e-201
3.3067025e-201
3.3416312e-201
3.3402954e-201
3.2903458e-201
3.3113655e-201
3.3574503e-201
3.3396013e-201
3.3642744e-201
3.3344597e-201
3.2979093e-201
3.3415746e-201
3.34772e-201
3.350628e-201
3.3855028e-201
3.3272424e-201
3.3276744e-201
3.3455807e-201
3.3487348e-201
3.3099876e-201
9.3086355e-206
9.3010763e-206
9.1942892e-206
9.177535e-206
9.1593993e-206
9.2735595e-206
9.3343781e-206
9.3633046e-206
9.3037462e-206
9.1590148e-206
9.1756523e-206
9.1614073e-206
9.177926e-206
9.1994178e-206
9.2460241e-206
9.2577572e-206
9.2089321e-206
9.2929734e-206
9.1427343e-206
9.0964511e-206
9.2559168e-206
9.0727608e-206
9.2586716e-206
9.100358e-206
9.2566455e-206
9.1457298e-206
9.152615e-206
9.2511167e-206
9.1411346e-206
9.1548543e-206
9.2202412e-206
9.112247e-206
9.2111957e-206
9.2226088e-206
9.0755308e-206
9.1469248e-206
9.2717438e-206
9.221498e-206
9.3001058e-206
9.1829409e-206
9.1077558e-206
9.2033847e-206
9.2085005e-206
9.2362102e-206
9.3295382e-206
9.2161766e-206
9.188066e-206
9.1973496e-206
9.2525183e-206
9.1175546e-206
2.5598685e-210
2.5663261e-210
2.5396446e-210
2.5271823e-210
2.5307644e-210
2.559838e-210
2.5799628e-210
2.5812711e-210
2.5600295e-210
2.5274463e-210
2.5329996e-210
2.5253564e-210
2.5314479e-210
2.5412692e-210
2.5561202e-210
2.5539845e-210
2.5429662e-210
2.5640211e-210
2.5292144e-210
2.5081513e-210
2.547834e-210
2.5019846e-210
2.5442162e-210
2.5106362e-210
2.5550164e-210
2.5277697e-210
2.5234391e-210
2.5527969e-210
2.5141671e-210
2.5196337e-210
2.5467632e-210
2.512421e-210
2.535702e-210
2.5446008e-210
2.5098387e-210
2.5212275e-210
2.5625661e-210
2.5406625e-210
2.5695349e-210
2.5284846e-210
2.51969e-210
2.5309358e-210
2.5359199e-210
2.5508227e-210
2.5632171e-210
2.5440641e-210
2.5297911e-210
2.5309922e-210
2.5556492e-210
2.5152208e-210
7.0435167e-215
7.077269e-215
7.0133522e-215
6.9781791e-215
6.990452e-215
7.0550472e-215
7.1154955e-215
7.1173977e-215
7.0358627e-215
6.979011e-215
7.0021802e-215
6.9736425e-215
6.991398e-215
7.021901e-215
7.0580271e-215
7.0572219e-215
7.0195374e-215
7.0678046e-215
6.9870496e-215
6.9210136e-215
7.0208868e-215
6.9030776e-215
6.9825542e-215
6.9129913e-215
7.0434755e-215
7.0043325e-215
6.9625342e-215
7.0356415e-215
6.9376148e-215
6.9493997e-215
7.0240475e-215
6.927022e-215
6.9751778e-215
7.0191831e-215
6.9249043e-215
6.929433e-215
7.0755003e-215
6.9996038e-215
7.0885684e-215
6.9632099e-215
6.9630213e-215
6.9577111e-215
6.9988274e-215
7.0217297e-215
7.0526183e-215
7.0176244e-215
6.9848125e-215
6.9698908e-215
7.0560249e-215
6.9349598e-215
1.9395696e-219
1.9490355e-219
1.9341255e-219
1.9312255e-219
1.9255359e-219
1.9429567e-219
1.96102e-219
1.9628973e-219
1.933557e-219
1.9273825e-219
1.934878e-219
1.9260684e-219
1.928659e-219
1.9405551e-219
1.946687e-219
1.9494036e-219
1.932963e-219
1.9456334e-219
1.926865e-219
1.9094823e-219
1.9357823e-219
1.9039434e-219
1.9217864e-219
1.9007267e-219
1.9424774e-219
1.93993e-219
1.9237167e-219
1.9379804e-219
1.9137038e-219
1.9164137e-219
1.9345189e-219
1.9088835e-219
1.9202158e-219
1.935989e-219
1.9115287e-219
1.9079257e-219
1.9501647e-219
1.9267955e-219
1.9541133e-219
1.9210506e-219
1.9196577e-219
1.9163578e-219
1.9369886e-219
1.927788e-219
1.9430305e-219
1.9377863e-219
1.9348372e-219
1.9188743e-219
1.9471906e-219
1.9106596e-219
5.331415e-224
5.3607495e-224
5.3281398e-224
5.3293269e-224
5.3074111e-224
5.3440456e-224
5.3925459e-224
5.4047541e-224
5.3294496e-224
5.3177807e-224
5.3434643e-224
5.3160501e-224
5.3091387e-224
5.3524938e-224
5.3672745e-224
5.3753168e-224
5.3239462e-224
5.3582362e-224
5.3103078e-224
5.2647687e-224
5.334387e-224
5.2503142e-224
5.3000662e-224
5.2379413e-224
5.3747484e-224
5.3678992e-224
5.3068513e-224
5.3278858e-224
5.2738566e-224
5.275805e-224
5.3247049e-224
5.2582891e-224
5.2927069e-224
5.3446758e-224
5.2797558e-224
5.2705686e-224
5.3781888e-224
5.3058663e-224
5.3763764e-224
5.2942175e-224
5.2835826e-224
5.2812514e-224
5.3582494e-224
5.310001e-224
5.346986e-224
5.3519734e-224
5.3556246e-224
5.285334e-224
5.3743418e-224
5.2668761e-224
1.466373e-228
1.4752989e-228
1.467505e-228
1.4677658e-228
1.4670511e-228
1.4686006e-228
1.4819465e-228
1.4899821e-228
1.4723234e-228
1.4650493e-228
1.4748304e-228
1.466182e-228
1.4636111e-228
1.4740088e-228
1.4766024e-228
1.4830126e-228
1.469198e-228
1.475838e-228
1.4632739e-228
1.4500043e-228
1.4669518e-228
1.4500539e-228
1.4569189e-228
1.4463875e-228
1.4878569e-228
1.4810424e-228
1.4638508e-228
1.466039e-228
1.4520963e-228
1.4521371e-228
1.4639064e-228
1.4472799e-228
1.4575449e-228
1.4761978e-228
1.4553995e-228
1.4570005e-228
1.4817508e-228
1.4617584e-228
1.4795354e-228
1.4577677e-228
1.456796e-228
1.4571896e-228
1.4766826e-228
1.4648123e-228
1.470603e-228
1.47668e-228
1.4792539e-228
1.4550858e-228
1.4837014e-228
1.45347e-228
4.0387032e-233
4.0602874e-233
4.0334822e-233
4.0496368e-233
4.0574505e-233
4.0397344e-233
4.0746919e-233
4.1074218e-233
4.0587099e-233
4.0408119e-233
4.0650662e-233
4.0414322e-233
4.0380932e-233
4.0613244e-233
4.0649496e-233
4.0961011e-233
4.0491173e-233
4.0655473e-233
4.0329404e-233
3.989155e-233
4.0402378e-233
4.008409e-233
4.0042934e-233
3.9851528e-233
4.1106639e-233
4.0694307e-233
4.0406293e-233
4.0419285e-233
3.9983831e-233
3.9939363e-233
4.0214301e-233
3.9808064e-233
4.0175005e-233
4.0604066e-233
4.0144256e-233
4.0244133e-233
4.0722337e-233
4.022398e-233
4.0749691e-233
4.0123578e-233
4.0206459e-233
4.0268813e-233
4.0644568e-233
4.0336952e-233
4.0501545e-233
4.065158e-233
4.0790947e-233
3.9922821e-233
4.0955738e-233
4.0056854e-233
1.1107244e-237
1.117392e-237
1.1070442e-237
1.1170963e-237
1.1197664e-237
1.1105782e-237
1.1181346e-237
1.1315717e-237
1.1159439e-237
1.1142994e-237
1.1181281e-237
1.1107834e-237
1.1145636e-237
1.119185e-237
1.1223734e-237
1.1314575e-237
1.1168969e-237
1.1188362e-237
1.1136208e-237
1.0970448e-237
1.1160533e-237
1.1043852e-237
1.1008634e-237
1.0975095e-237
1.1331472e-237
1.1181379e-237
1.1150466e-237
1.1123516e-237
1.1028084e-237
1.0998605e-237
1.1048787e-237
1.0951474e-237
1.1105724e-237
1.1137983e-237
1.1070346e-237
1.1093493e-237
1.1196341e-237
1.1079137e-237
1.1237832e-237
1.1029529e-237
1.1066447e-237
1.1113715e-237
1.1186262e-237
1.1115196e-237
1.1159234e-237
1.1183379e-237
1.1246607e-237
1.0964187e-237
1.1300391e-237
1.104088e-237
3.05401e-242
3.0811345e-242
3.0489471e-242
3.081464e-242
3.0884355e-242
3.0546882e-242
3.0735255e-242
3.1215035e-242
3.0673886e-242
3.0706542e-242
3.079383e-242
3.0446106e-242
3.0742112e-242
3.0839291e-242
3.1020011e-242
3.1278262e-242
3.0812126e-242
3.0804277e-242
3.0762216e-242
3.0269066e-242
3.0755875e-242
3.0399489e-242
3.0211349e-242
3.0257371e-242
3.1209556e-242
3.0789999e-242
3.0749804e-242
3.0656241e-242
3.0418735e-242
3.0374076e-242
3.0369209e-242
3.0212111e-242
3.0705961e-242
3.0644178e-242
3.0494258e-242
3.0605877e-242
3.0809976e-242
3.0582834e-242
3.0984072e-242
3.0371365e-242
3.0454834e-242
3.0644239e-242
3.0764075e-242
3.0662504e-242
3.0744942e-242
3.0811875e-242
3.1026719e-242
3.0201655e-242
3.1162577e-242
3.0440904e-242
8.3842069e-247
8.4892252e-247
8.4124445e-247
8.5081496e-247
8.5100035e-247
8.4235683e-247
8.4844687e-247
8.6120073e-247
8.4567761e-247
8.4762906e-247
8.5095189e-247
8.3640883e-247
8.4822614e-247
8.5072603e-247
8.5505453e-247
8.6491009e-247
8.4831569e-247
8.4755509e-247
8.494038e-247
8.3817814e-247
8.4476475e-247
8.3803499e-247
8.3163386e-247
8.3358692e-247
8.590215e-247
8.4781567e-247
8.4873181e-247
8.4614743e-247
8.3877059e-247
8.3843547e-247
8.3443851e-247
8.3407716e-247
8.4721241e-247
8.4311068e-247
8.3941088e-247
8.4557407e-247
8.4829559e-247
8.4423421e-247
8.5329899e-247
8.3927426e-247
8.4091556e-247
8.4571698e-247
8.470847e-247
8.4561521e-247
8.4746414e-247
8.5193563e-247
8.5742727e-247
8.3089727e-247
8.5889878e-247
8.3732686e-247
2.3004859e-251
2.3396542e-251
2.3194059e-251
2.344054e-251
2.3424673e-251
2.3250701e-251
2.3388972e-251
2.3754412e-251
2.3339291e-251
2.3390421e-251
2.3473081e-251
2.3032476e-251
2.3401733e-251
2.3465384e-251
2.3507393e-251
2.3886102e-251
2.3411172e-251
2.3309369e-251
2.3452478e-251
2.319526e-251
2.3195074e-251
2.3091033e-251
2.2974377e-251
2.3009959e-251
2.3629717e-251
2.3307186e-251
2.3462782e-251
2.3325164e-251
2.3108669e-251
2.3143675e-251
2.2966386e-251
2.3002547e-251
2.3339386e-251
2.3198767e-251
2.3068531e-251
2.3335971e-251
2.3387638e-251
2.3325311e-251
2.3511851e-251
2.3162354e-251
2.3282057e-251
2.3363472e-251
2.335594e-251
2.3250529e-251
2.3330298e-251
2.3619003e-251
2.3715334e-251
2.2872262e-251
2.3654167e-251
2.3055636e-251
6.3195759e-256
6.4494742e-256
6.4016363e-256
6.4531252e-256
6.4562281e-256
6.4170066e-256
6.4318844e-256
6.554588e-256
6.4362194e-256
6.4395317e-256
6.4673196e-256
6.3568495e-256
6.4511316e-256
6.4654074e-256
6.4760657e-256
6.5832524e-256
6.4660993e-256
6.4225527e-256
6.4693936e-256
6.4166447e-256
6.3748688e-256
6.3667102e-256
6.3464113e-256
6.3557521e-256
6.4932095e-256
6.4246615e-256
6.4797253e-256
6.4445654e-256
6.3761068e-256
6.3802891e-256
6.3310772e-256
6.3460725e-256
6.4324294e-256
6.3991416e-256
6.3542953e-256
6.4470752e-256
6.4539768e-256
6.4535159e-256
6.4721138e-256
6.3701659e-256
6.437631e-256
6.4464279e-256
6.4365901e-256
6.392072e-256
6.4174534e-256
6.5259059e-256
6.5526936e-256
6.3239331e-256
6.5189016e-256
6.3548456e-256
1.7371137e-260
1.7756644e-260
1.7649339e-260
1.7817419e-260
1.7809596e-260
1.7677135e-260
1.7663401e-260
1.8086629e-260
1.7746333e-260
1.7704411e-260
1.784596e-260
1.7552135e-260
1.7772805e-260
1.787296e-260
1.7851328e-260
1.8120233e-260
1.7817617e-260
1.7706943e-260
1.783041e-260
1.7776664e-260
1.754211e-260
1.7595783e-260
1.7539668e-260
1.7550987e-260
1.7844336e-260
1.7749288e-260
1.7903237e-260
1.7823921e-260
1.7632359e-260
1.7603441e-260
1.7432628e-260
1.7494623e-260
1.7720771e-260
1.7650452e-260
1.7572483e-260
1.7813866e-260
1.7802508e-260
1.7827046e-260
1.7813273e-260
1.754574e-260
1.7772527e-260
1.7787384e-260
1.7734363e-260
1.7608379e-260
1.771625e-260
1.7961588e-260
1.8078313e-260
1.7510477e-260
1.7985424e-260
1.7506785e-260
4.7823119e-265
4.8966173e-265
4.8634835e-265
4.9185935e-265
4.9125606e-265
4.8666277e-265
4.8520092e-265
4.9895391e-265
4.8915153e-265
4.8695556e-265
4.9247236e-265
4.8406366e-265
4.8983892e-265
4.9537603e-265
4.91392e-265
4.9936391e-265
4.9135776e-265
4.8782909e-265
4.9168806e-265
4.9182309e-265
4.8358999e-265
4.8651631e-265
4.8398842e-265
4.8541523e-265
4.9037241e-265
4.893034e-265
4.947606e-265
4.9112309e-265
4.8701083e-265
4.8647148e-265
4.7977537e-265
4.8156933e-265
4.8742265e-265
4.8719414e-265
4.8572468e-265
4.9232662e-265
4.9121009e-265
4.9223052e-265
4.9103003e-265
4.8375841e-265
4.9055237e-265
4.9146358e-265
4.878945e-265
4.8501445e-265
4.898437e-265
4.9463632e-265
4.9835768e-265
4.8410132e-265
4.9599803e-265
4.831029e-265
1.3174873e-269
1.3512251e-269
1.3429079e-269
1.3546282e-269
1.3552149e-269
1.3418069e-269
1.3358574e-269
1.3762476e-269
1.3487853e-269
1.3412023e-269
1.357979e-269
1.3342014e-269
1.3510759e-269
1.3695215e-269
1.3537269e-269
1.3778385e-269
1.3555697e-269
1.3429806e-269
1.3542651e-269
1.3568486e-269
1.3329055e-269
1.3434454e-269
1.3327902e-269
1.3410218e-269
1.3470662e-269
1.3473354e-269
1.3647589e-269
1.3542182e-269
1.3455943e-269
1.3426373e-269
1.3219945e-269
1.3253878e-269
1.3402127e-269
1.3449477e-269
1.3410618e-269
1.3635561e-269
1.357833e-269
1.3588168e-269
1.3539709e-269
1.3304771e-269
1.3537352e-269
1.357314e-269
1.3424124e-269
1.337204e-269
1.3490919e-269
1.3630911e-269
1.374911e-269
1.3356078e-269
1.3657428e-269
1.3349801e-269
3.6267857e-274
3.7314764e-274
3.7076511e-274
3.7390122e-274
3.7355794e-274
3.6960743e-274
3.6807573e-274
3.7974033e-274
3.7174507e-274
3.6996827e-274
3.7462164e-274
3.680043e-274
3.7249598e-274
3.7785876e-274
3.7355001e-274
3.7953423e-274
3.7382301e-274
3.6960365e-274
3.7300089e-274
3.7384129e-274
3.6699221e-274
3.7076387e-274
3.6725738e-274
3.7003575e-274
3.7053557e-274
3.7076381e-274
3.7585401e-274
3.7434376e-274
3.7272572e-274
3.7035342e-274
3.6492994e-274
3.6555929e-274
3.6809324e-274
3.7093465e-274
3.6972183e-274
3.7743685e-274
3.751448e-274
3.7434844e-274
3.7369202e-274
3.6576111e-274
3.729916e-274
3.7440975e-274
3.6991956e-274
3.6838825e-274
3.7139122e-274
3.7553616e-274
3.7876944e-274
3.6866987e-274
3.758813e-274
3.6915378e-274
9.9782205e-279
1.030482e-278
1.0224834e-278
1.0344641e-278
1.0290079e-278
1.0183699e-278
1.0161836e-278
1.0479486e-278
1.0242047e-278
1.0191655e-278
1.0330712e-278
1.0166885e-278
1.0282432e-278
1.0440496e-278
1.0330458e-278
1.0435825e-278
1.0307226e-278
1.015996e-278
1.0286964e-278
1.0291799e-278
1.0112314e-278
1.0212522e-278
1.0115043e-278
1.0211626e-278
1.0193677e-278
1.0213505e-278
1.0336104e-278
1.0335281e-278
1.0327153e-278
1.0195122e-278
1.0075485e-278
1.0081671e-278
1.0095883e-278
1.0227638e-278
1.0173641e-278
1.0440038e-278
1.0351258e-278
1.0292384e-278
1.0314896e-278
1.0061065e-278
1.0264269e-278
1.0321631e-278
1.0180454e-278
1.0117734e-278
1.0241534e-278
1.0344e-278
1.0422018e-278
1.0193851e-278
1.0348071e-278
1.0200219e-278
2.753115e-283
2.8422641e-283
2.8191709e-283
2.8564489e-283
2.8339359e-283
2.80944e-283
2.8081374e-283
2.890562e-283
2.8226462e-283
2.8048375e-283
2.8467972e-283
2.8077508e-283
2.834337e-283
2.8875582e-283
2.8541826e-283
2.8709706e-283
2.8388722e-283
2.7925882e-283
2.8368237e-283
2.8283472e-283
2.7910821e-283
2.8145277e-283
2.7869197e-283
2.8168474e-283
2.8070752e-283
2.8207124e-283
2.8418594e-283
2.8541843e-283
2.8629754e-283
2.808188e-283
2.7753479e-283
2.7794317e-283
2.7787133e-283
2.8229593e-283
2.8019934e-283
2.8845637e-283
2.8527478e-283
2.8311644e-283
2.8428606e-283
2.7707374e-283
2.8310807e-283
2.8497165e-283
2.8020142e-283
2.7812244e-283
2.8215316e-283
2.8526136e-283
2.8688592e-283
2.8137821e-283
2.8482182e-283
2.8145561e-283
7.6143142e-288
7.8387755e-288
7.7667903e-288
7.8724252e-288
7.7966633e-288
7.7391361e-288
7.753255e-288
7.9580154e-288
7.7754727e-288
7.7318274e-288
7.8611692e-288
7.7400629e-288
7.8060362e-288
7.966569e-288
7.8559586e-288
7.9108967e-288
7.8251575e-288
7.6880247e-288
7.8349495e-288
7.7666738e-288
7.7042752e-288
7.7776342e-288
7.6865272e-288
7.7790639e-288
7.7375289e-288
7.7800399e-288
7.8167284e-288
7.8802404e-288
7.9249749e-288
7.7419789e-288
7.6440022e-288
7.6651021e-288
7.6765912e-288
7.7912021e-288
7.7169477e-288
7.9527446e-288
7.8603889e-288
7.7942011e-288
7.8342538e-288
7.6421768e-288
7.797487e-288
7.8674787e-288
7.7282799e-288
7.6563685e-288
7.7826834e-288
7.8569729e-288
7.8930571e-288
7.7601304e-288
7.8430882e-288
7.7568209e-288
2.1008738e-292
2.1594869e-292
2.1374401e-292
2.1706091e-292
2.1454499e-292
2.1312598e-292
2.1429728e-292
2.1868403e-292
2.1462389e-292
2.1349879e-292
2.1736402e-292
2.1345023e-292
2.1530003e-292
2.1917696e-292
2.1554588e-292
2.1828277e-292
2.1601962e-292
2.1198315e-292
2.162692e-292
2.1385719e-292
2.1260789e-292
2.1427127e-292
2.1171076e-292
2.1507956e-292
2.1325536e-292
2.1406599e-292
2.1484808e-292
2.1716162e-292
2.1876934e-292
2.1277617e-292
2.1118819e-292
2.1110688e-292
2.1206794e-292
2.1477995e-292
2.1249007e-292
2.1878346e-292
2.1690882e-292
2.1464882e-292
2.1584735e-292
2.1075888e-292
2.146226e-292
2.1680034e-292
2.1329452e-292
2.1045387e-292
2.1491925e-292
2.157985e-292
2.1680499e-292
2.1423146e-292
2.1583835e-292
2.1348206e-292
5.7855597e-297
5.9480714e-297
5.8863189e-297
5.9836634e-297
5.8967576e-297
5.869651e-297
5.9129378e-297
6.005764e-297
5.9421846e-297
5.8839983e-297
5.9995249e-297
5.8913326e-297
5.9359813e-297
6.027445e-297
5.9097322e-297
6.0243888e-297
5.9606164e-297
5.8421533e-297
5.9554216e-297
5.8962739e-297
5.8664562e-297
5.9006283e-297
5.8413207e-297
5.9407877e-297
5.8683724e-297
5.8820239e-297
5.9081097e-297
5.9875316e-297
6.0376972e-297
5.8511102e-297
5.8402785e-297
5.8245038e-297
5.8517713e-297
5.9240393e-297
5.854512e-297
6.0181135e-297
5.9919389e-297
5.9110894e-297
5.9485572e-297
5.8101177e-297
5.9256215e-297
5.9683358e-297
5.8802744e-297
5.797622e-297
5.9277163e-297
5.938413e-297
5.9499178e-297
5.9045626e-297
5.9453702e-297
5.8855789e-297
1.5929478e-301
1.6397071e-301
1.622847e-301
1.6492309e-301
1.6206935e-301
1.6150723e-301
1.6269901e-301
1.652061e-301
1.6424733e-301
1.6160431e-301
1.6564188e-301
1.6241633e-301
1.6376102e-301
1.6584171e-301
1.6232594e-301
1.6589949e-301
1.6433318e-301
1.6084879e-301
1.6363489e-301
1.6281155e-301
1.6176824e-301
1.6280424e-301
1.6152797e-301
1.6342118e-301
1.6117645e-301
1.6159829e-301
1.6295508e-301
1.6527449e-301
1.6641101e-301
1.6143844e-301
1.6127045e-301
1.6083217e-301
1.611401e-301
1.6361048e-301
1.6131672e-301
1.6557823e-301
1.6546018e-301
1.6256491e-301
1.6360728e-301
1.601543e-301
1.6350603e-301
1.645525e-301
1.6212021e-301
1.5995214e-301
1.6344644e-301
1.6361021e-301
1.6325895e-301
1.6249421e-301
1.6434169e-301
1.6264988e-301
4.3892953e-306
4.5174873e-306
4.4752599e-306
4.5486191e-306
4.4528986e-306
4.4376041e-306
4.4867288e-306
4.5551259e-306
4.5301821e-306
4.4377317e-306
4.5745588e-306
4.4747819e-306
4.5236303e-306
4.5621691e-306
4.4624928e-306
4.5642072e-306
4.5315864e-306
4.4295689e-306
4.4927844e-306
4.5057956e-306
4.4594471e-306
4.4863408e-306
4.4556964e-306
4.4874893e-306
4.4299009e-306
4.4516627e-306
4.5118557e-306
4.5527e-306
4.5824245e-306
4.4563286e-306
4.4512038e-306
4.4370481e-306
4.4390212e-306
4.5173275e-306
4.4504769e-306
4.5486932e-306
4.5600879e-306
4.467434e-306
4.4886696e-306
4.4214384e-306
4.5003414e-306
4.5374687e-306
4.4647742e-306
4.40654e-306
4.50243e-306
4.5031897e-306
4.4899697e-306
4.4718153e-306
4.5443274e-306
4.4837387e-306
1.2106745e-310
1.2445866e-310
1.2350063e-310
1.2534151e-310
1.2207765e-310
1.2199489e-310
1.2385538e-310
1.2556867e-310
1.2491542e-310
1.22089e-310
1.2602462e-310
1.232693e-310
1.2456351e-310
1.2558353e-310
1.2283815e-310
1.2563378e-310
1.2486402e-310
1.2195736e-310
1.2365907e-310
1.244819e-310
1.2307712e-310
1.2359751e-310
1.229843e-310
1.2362485e-310
1.2185578e-310
1.2267363e-310
1.2466023e-310
1.2530289e-310
1.2607244e-310
1.2293705e-310
1.2303415e-310
1.2245928e-310
1.2244236e-310
1.2468268e-310
1.2284596e-310
1.2504871e-310
1.2557604e-310
1.2268794e-310
1.2333899e-310
1.2202194e-310
1.237533e-310
1.2507357e-310
1.2288929e-310
1.214161e-310
1.2390885e-310
1.2387577e-310
1.237777e-310
1.2309182e-310
1.2509274e-310
1.2320854e-310
3.3345863e-315
3.4286181e-315
3.4033536e-315
3.4490763e-315
3.3590651e-315
3.3651016e-315
3.417171e-315
3.464663e-315
3.4391023e-315
3.3684538e-315
3.4704232e-315
3.3934373e-315
3.4199218e-315
3.4545875e-315
3.3860514e-315
3.4561909e-315
3.4332253e-315
3.3572249e-315
3.4036429e-315
3.4326967e-315
3.3985144e-315
3.4025531e-315
3.4049088e-315
3.4053126e-315
3.3550944e-315
3.3771114e-315
3.4249101e-315
3.4546047e-315
3.4671468e-315
3.387279e-315
3.4072501e-315
3.3763248e-315
3.3730072e-315
3.4401322e-315
3.3901156e-315
3.4387521e-315
3.4571792e-315
3.371885e-315
3.3956158e-315
3.3639828e-315
3.4084275e-315
3.4500824e-315
3.3898949e-315
3.3449684e-315
3.4117025e-315
3.406525e-315
3.4093847e-315
3.3856214e-315
3.4350506e-315
3.3908189e-315
9.1654118e-320
9.4233141e-320
9.3645203e-320
9.4662978e-320
9.2474267e-320
9.2711418e-320
9.4218319e-320
9.5399136e-320
9.4514758e-320
9.2755884e-320
9.5236094e-320
9.332406e-320
9.3877413e-320
9.468274e-320
9.3156078e-320
9.5048349e-320
9.4173853e-320
9.2316166e-320
9.3590855e-320
9.4539461e-320
9.3605677e-320
9.3516745e-320
9.3951523e-320
9.3580974e-320
9.2138302e-320
9.2815172e-320
9.4050336e-320
9.4801316e-320
9.5349729e-320
9.2844816e-320
9.3961405e-320
9.2904104e-320
9.272624e-320
9.483096e-320
9.3180781e-320
9.438136e-320
9.4766732e-320
9.2553317e-320
9.3121493e-320
9.2607665e-320
9.3709431e-320
9.4687681e-320
9.3215365e-320
9.219265e-320
9.3739075e-320
9.3329e-320
9.3818125e-320
9.2963392e-320
9.4322072e-320
9.3264772e-320
4.4465908e-323
4.4465908e-323
4.4465908e-323
4.4465908e-323
4.4465908e-323
4.4465908e-323
4.4465908e-323
4.4465908e-323
4.4465908e-323
4.4465908e-323
4.4465908e-323
4.4465908e-323
4.4465908e-323
4.4465908e-323
4.4465908e-323
4.4465908e-323
4.4465908e-323
4.4465908e-323
4.4465908e-323
4.4465908e-323
4.4465908e-323
4.4465908e-323
4.4465908e-323
4.4465908e-323
4.4465908e-323
4.4465908e-323
4.4465908e-323
4.4465908e-323
4.4465908e-323
4.4465908e-323
4.4465908e-323
4.4465908e-323
4.4465908e-323
4.4465908e-323
4.4465908e-323
4.4465908e-323
4.4465908e-323
4.4465908e-323
4.4465908e-323
4.4465908e-323
4.4465908e-323
4.4465908e-323
4.4465908e-323
4.4465908e-323
4.4465908e-323
4.4465908e-323
4.4465908e-323
4.4465908e-323
4.4465908e-323
4.4465908e-323
3.9525252e-323
3.9525252e-323
3.9525252e-323
3.9525252e-323
3.9525252e-323
3.9525252e-323
3.9525252e-323
3.9525252e-323
3.9525252e-323
3.9525252e-323
3.9525252e-323
3.9525252e-323
3.9525252e-323
3.9525252e-323
3.9525252e-323
3.9525252e-323
3.9525252e-323
3.9525252e-323
3.9525252e-323
3.9525252e-323
3.9525252e-323
3.9525252e-323
3.9525252e-323
3.9525252e-323
3.9525252e-323
3.9525252e-323
3.9525252e-323
3.9525252e-323
3.9525252e-323
3.9525252e-323
3.9525252e-323
3.9525252e-323
3.9525252e-323
3.9525252e-323
3.9525252e-323
3.9525252e-323
3.9525252e-323
3.9525252e-323
3.9525252e-323
3.9525252e-323
3.9525252e-323
3.9525252e-323
3.9525252e-323
3.9525252e-323
3.9525252e-323
3.9525252e-323
3.9525252e-323
3.9525252e-323
3.9525252e-323
3.9525252e-323
3.9525252e-323
3.9525252e-323
3.9525252e-323
3.9525252e-323
3.9525252e-323
3.9525252e-323
3.9525252e-323
3.9525252e-323
3.9525252e-323
3.9525252e-323
3.9525252e-323
3.9525252e-323
3.9525252e-323
3.9525252e-323
3.9525252e-323
3.9525252e-323
3.9525252e-323
3.9525252e-323
3.9525252e-323
3.9525252e-323
3.9525252e-323
3.9525252e-323
3.9525252e-323
3.9525252e-323
3.9525252e-323
3.9525252e-323
3.9525252e-323
3.9525252e-323
3.9525252e-323
3.9525252e-323
3.9525252e-323
3.9525252e-323
3.9525252e-323
3.9525252e-323
3.9525252e-323
3.9525252e-323
3.9525252e-323
3.9525252e-323
3.9525252e-323
3.9525252e-323
3.9525252e-323
3.9525252e-323
3.9525252e-323
3.9525252e-323
3.9525252e-323
3.9525252e-323
3.9525252e-323
3.9525252e-323
3.9525252e-323
3.9525252e-323
3.9525252e-323
3.9525252e-323
3.9525252e-323
3.9525252e-323
3.9525252e-323
3.9525252e-323
3.9525252e-323
3.9525252e-323
3.9525252e-323
3.9525252e-323
3.9525252e-323
3.9525252e-323
3.9525252e-323
3.9525252e-323
3.9525252e-323
3.9525252e-323
3.9525252e-323
3.9525252e-323
3.9525252e-323
3.9525252e-323
3.9525252e-323
3.9525252e-323
3.9525252e-323
3.9525252e-323
3.9525252e-323
3.9525252e-323
3.9525252e-323
3.9525252e-323
3.9525252e-323
3.9525252e-323
3.9525252e-323
3.9525252e-323
3.9525252e-323
3.9525252e-323
3.9525252e-323
3.9525252e-323
3.9525252e-323
3.9525252e-323
3.9525252e-323
3.9525252e-323
3.9525252e-323
3.9525252e-323
3.9525252e-323
3.9525252e-323
3.9525252e-323
3.9525252e-323
3.9525252e-323
3.9525252e-323
3.9525252e-323
3.9525252e-323
3.9525252e-323
3.9525252e-323
3.9525252e-323
3.9525252e-323
3.9525252e-323
3.9525252e-323
3.9525252e-323
3.9525252e-323
3.9525252e-323
3.9525252e-323
3.9525252e-323
3.9525252e-323
3.9525252e-323
3.9525252e-323
3.9525252e-323
3.9525252e-323
3.9525252e-323
3.9525252e-323
3.9525252e-323
3.9525252e-323
3.9525252e-323
3.9525252e-323
3.9525252e-323
3.9525252e-323
3.9525252e-323
3.9525252e-323
3.9525252e-323
3.9525252e-323
3.9525252e-323
3.9525252e-323
3.9525252e-323
3.9525252e-323
3.9525252e-323
3.9525252e-323
3.9525252e-323
3.9525252e-323
3.9525252e-323
3.9525252e-323
3.9525252e-323
3.9525252e-323
3.9525252e-323
3.9525252e-323
3.9525252e-323
3.9525252e-323
3.9525252e-323
3.9525252e-323
3.9525252e-323
3.9525252e-323
3.9525252e-323
3.9525252e-323
3.9525252e-323
3.9525252e-323
3.9525252e-323
3.9525252e-323
3.9525252e-323
3.9525252e-323
3.9525252e-323
3.9525252e-323
3.9525252e-323
3.9525252e-323
3.9525252e-323
3.9525252e-323
3.9525252e-323
3.9525252e-323
3.9525252e-323
3.9525252e-323
3.9525252e-323
3.9525252e-323
3.9525252e-323
3.9525252e-323
3.9525252e-323
3.9525252e-323
3.9525252e-323
3.9525252e-323
3.9525252e-323
3.9525252e-323
3.9525252e-323
3.9525252e-323
3.9525252e-323
3.9525252e-323
3.9525252e-323
3.9525252e-323
3.9525252e-323
3.9525252e-323
3.9525252e-323
3.9525252e-323
3.9525252e-323
3.9525252e-323
3.9525252e-323
3.9525252e-323
3.9525252e-323
3.9525252e-323
3.9525252e-323
3.9525252e-323
3.9525252e-323
3.9525252e-323
3.9525252e-323
3.9525252e-323
3.9525252e-323
3.9525252e-323
3.9525252e-323
3.9525252e-323
3.9525252e-323
3.9525252e-323
3.9525252e-323
3.9525252e-323
3.9525252e-323
3.9525252e-323
3.9525252e-323
3.9525252e-323
3.9525252e-323
3.9525252e-323
3.9525252e-323
3.9525252e-323
3.9525252e-323
3.9525252e-323
3.9525252e-323
3.9525252e-323
3.9525252e-323
3.9525252e-323
3.9525252e-323
3.9525252e-323
3.9525252e-323
3.9525252e-323
3.9525252e-323
3.9525252e-323
3.9525252e-323
3.9525252e-323
3.9525252e-323
3.9525252e-323
3.9525252e-323
3.9525252e-323
3.9525252e-323
3.9525252e-323
3.9525252e-323
3.9525252e-323
3.9525252e-323
3.9525252e-323
3.9525252e-323
3.9525252e-323
3.9525252e-323
3.9525252e-323
3.9525252e-323
3.9525252e-323
3.9525252e-323
3.9525252e-323
3.9525252e-323
3.9525252e-323
3.9525252e-323
3.9525252e-323
3.9525252e-323
3.9525252e-323
3.9525252e-323
3.9525252e-323
3.9525252e-323
3.9525252e-323
3.9525252e-323
3.9525252e-323
3.9525252e-323
3.9525252e-323
3.9525252e-323
3.9525252e-323
3.9525252e-323
3.9525252e-323
3.9525252e-323
3.9525252e-323
3.9525252e-323
3.9525252e-323
3.9525252e-323
3.9525252e-323
3.9525252e-323
3.9525252e-323
3.9525252e-323
3.9525252e-323
3.9525252e-323
3.9525252e-323
3.9525252e-323
3.9525252e-323
3.9525252e-323
3.9525252e-323
3.9525252e-323
3.9525252e-323
3.9525252e-323
3.9525252e-323
3.9525252e-323
3.9525252e-323
3.9525252e-323
3.9525252e-323
3.9525252e-323
3.9525252e-323
3.9525252e-323
3.9525252e-323
3.9525252e-323
3.9525252e-323
3.9525252e-323
3.9525252e-323
3.9525252e-323
3.9525252e-323
3.9525252e-323
3.9525252e-323
3.9525252e-323
3.9525252e-323
3.9525252e-323
3.9525252e-323
3.9525252e-323
3.9525252e-323
3.9525252e-323
3.9525252e-323
3.9525252e-323
3.9525252e-323
3.9525252e-323
3.9525252e-323
3.9525252e-323
3.9525252e-323
3.9525252e-323
3.9525252e-323
3.9525252e-323
3.9525252e-323
3.9525252e-323
3.9525252e-323
3.9525252e-323
3.9525252e-323
3.9525252e-323
3.9525252e-323
3.9525252e-323
3.9525252e-323
3.9525252e-323
3.9525252e-323
3.9525252e-323
3.9525252e-323
3.9525252e-323
3.9525252e-323
3.9525252e-323
3.9525252e-323
3.9525252e-323
3.9525252e-323
3.9525252e-323
3.9525252e-323
3.9525252e-323
3.9525252e-323
3.9525252e-323
3.9525252e-323
3.9525252e-323
3.9525252e-323
3.9525252e-323
3.9525252e-323
3.9525252e-323
3.9525252e-323
3.9525252e-323
3.9525252e-323
3.9525252e-323
3.9525252e-323
3.9525252e-323
3.9525252e-323
3.9525252e-323
3.9525252e-323
3.9525252e-323
3.9525252e-323
3.9525252e-323
3.9525252e-323
3.9525252e-323
3.9525252e-323
3.9525252e-323
3.9525252e-323
3.9525252e-323
3.9525252e-323
3.9525252e-323
3.9525252e-323
3.9525252e-323
3.9525252e-323
3.9525252e-323
3.9525252e-323
3.9525252e-323
3.9525252e-323
3.9525252e-323
3.9525252e-323
3.9525252e-323
3.9525252e-323
3.9525252e-323
3.9525252e-323
3.9525252e-323
3.9525252e-323
3.9525252e-323
3.9525252e-323
3.9525252e-323
3.9525252e-323
3.9525252e-323
3.9525252e-323
3.9525252e-323
3.9525252e-323
3.9525252e-323
3.9525252e-323
3.9525252e-323
3.9525252e-323
3.9525252e-323
3.9525252e-323
3.9525252e-323
3.9525252e-323
3.9525252e-323
3.9525252e-323
3.9525252e-323
3.9525252e-323
3.9525252e-323
3.9525252e-323
3.9525252e-323
3.9525252e-323
3.9525252e-323
3.9525252e-323
3.9525252e-323
3.9525252e-323
3.9525252e-323
3.9525252e-323
3.9525252e-323
3.9525252e-323
3.9525252e-323
3.9525252e-323
3.9525252e-323
3.9525252e-323
3.9525252e-323
3.9525252e-323
3.9525252e-323
3.9525252e-323
3.9525252e-323
3.9525252e-323
3.9525252e-323
3.9525252e-323
3.9525252e-323
3.9525252e-323
3.9525252e-323
3.9525252e-323
3.9525252e-323
3.9525252e-323
3.9525252e-323
3.9525252e-323
3.9525252e-323
3.9525252e-323
3.9525252e-323
3.9525252e-323
3.9525252e-323
3.9525252e-323
3.9525252e-323
3.9525252e-323
3.9525252e-323
3.9525252e-323
3.9525252e-323
3.9525252e-323
3.9525252e-323
3.9525252e-323
3.9525252e-323
3.9525252e-323
3.9525252e-323
3.9525252e-323
3.9525252e-323
3.9525252e-323
3.9525252e-323
3.9525252e-323
3.9525252e-323
3.9525252e-323
3.9525252e-323
3.9525252e-323
3.9525252e-323
3.9525252e-323
3.9525252e-323
3.9525252e-323
3.9525252e-323
3.9525252e-323
3.9525252e-323
3.9525252e-323
3.9525252e-323
3.9525252e-323
3.9525252e-323
3.9525252e-323
3.9525252e-323
3.9525252e-323
3.9525252e-323
3.9525252e-323
3.9525252e-323
3.9525252e-323
3.9525252e-323
3.9525252e-323
3.9525252e-323
3.9525252e-323
3.9525252e-323
3.9525252e-323
3.9525252e-323
3.9525252e-323
3.9525252e-323
3.9525252e-323
3.9525252e-323
3.9525252e-323
3.9525252e-323
3.9525252e-323
3.9525252e-323
3.9525252e-323
3.9525252e-323
3.9525252e-323
3.9525252e-323
3.9525252e-323
3.9525252e-323
3.9525252e-323
3.9525252e-323
3.9525252e-323
3.9525252e-323
3.9525252e-323
3.9525252e-323
3.9525252e-323
3.9525252e-323
3.9525252e-323
3.9525252e-323
3.9525252e-323
3.9525252e-323
3.9525252e-323
3.9525252e-323
3.9525252e-323
3.9525252e-323
3.9525252e-323
3.9525252e-323
3.9525252e-323
3.9525252e-323
3.9525252e-323
3.9525252e-323
3.9525252e-323
3.9525252e-323
3.9525252e-323
3.9525252e-323
3.9525252e-323
3.9525252e-323
3.9525252e-323
3.9525252e-323
3.9525252e-323
3.9525252e-323
3.9525252e-323
3.9525252e-323
3.9525252e-323
3.9525252e-323
3.9525252e-323
3.9525252e-323
3.9525252e-323
3.9525252e-323
3.9525252e-323
3.9525252e-323
3.9525252e-323
3.9525252e-323
3.9525252e-323
3.9525252e-323
3.9525252e-323
3.9525252e-323
3.9525252e-323
3.9525252e-323
3.9525252e-323
3.9525252e-323
3.9525252e-323
3.9525252e-323
3.9525252e-323
3.9525252e-323
3.9525252e-323
3.9525252e-323
3.9525252e-323
3.9525252e-323
3.9525252e-323
3.9525252e-323
3.9525252e-323
3.9525252e-323
3.9525252e-323
3.9525252e-323
3.9525252e-323
3.9525252e-323
3.9525252e-323
3.9525252e-323
3.9525252e-323
3.9525252e-323
3.9525252e-323
3.9525252e-323
3.9525252e-323
3.9525252e-323
3.9525252e-323
3.9525252e-323
3.9525252e-323
3.9525252e-323
3.9525252e-323
3.9525252e-323
3.9525252e-323
3.9525252e-323
3.9525252e-323
3.9525252e-323
3.9525252e-323
3.9525252e-323
3.9525252e-323
3.9525252e-323
3.9525252e-323
3.9525252e-323
3.9525252e-323
3.9525252e-323
3.9525252e-323
3.9525252e-323
3.9525252e-323
3.9525252e-323
3.9525252e-323
3.9525252e-323
3.9525252e-323
3.9525252e-323
3.9525252e-323
3.9525252e-323
3.9525252e-323
3.9525252e-323
3.9525252e-323
3.9525252e-323
3.9525252e-323
3.9525252e-323
3.9525252e-323
3.9525252e-323
3.9525252e-323
3.9525252e-323
3.9525252e-323
3.9525252e-323
3.9525252e-323
3.9525252e-323
3.9525252e-323
3.9525252e-323
3.9525252e-323
3.9525252e-323
3.9525252e-323
3.9525252e-323
3.9525252e-323
3.9525252e-323
3.9525252e-323
3.9525252e-323
3.9525252e-323
3.9525252e-323
3.9525252e-323
3.9525252e-323
3.9525252e-323
3.9525252e-323
3.9525252e-323
3.9525252e-323
3.9525252e-323
3.9525252e-323
3.9525252e-323
3.9525252e-323
3.9525252e-323
3.9525252e-323
3.9525252e-323
3.9525252e-323
3.9525252e-323
3.9525252e-323
3.9525252e-323
3.9525252e-323
3.9525252e-323
3.9525252e-323
3.9525252e-323
3.9525252e-323
3.9525252e-323
3.9525252e-323
3.9525252e-323
3.9525252e-323
3.9525252e-323
3.9525252e-323
3.9525252e-323
3.9525252e-323
3.9525252e-323
3.9525252e-323
3.9525252e-323
3.9525252e-323
3.9525252e-323
3.9525252e-323
3.9525252e-323
3.9525252e-323
3.9525252e-323
3.9525252e-323
3.9525252e-323
3.9525252e-323
3.9525252e-323
3.9525252e-323
3.9525252e-323
3.9525252e-323
3.9525252e-323
3.9525252e-323
3.9525252e-323
3.9525252e-323
3.9525252e-323
3.9525252e-323
3.9525252e-323
3.9525252e-323
3.9525252e-323
3.9525252e-323
3.9525252e-323
3.9525252e-323
3.9525252e-323
3.9525252e-323
3.9525252e-323
3.9525252e-323
3.9525252e-323
3.9525252e-323
3.9525252e-323
3.9525252e-323
3.9525252e-323
3.9525252e-323
3.9525252e-323
3.9525252e-323
3.9525252e-323
3.9525252e-323
3.9525252e-323
3.9525252e-323
3.9525252e-323
3.9525252e-323
3.9525252e-323
3.9525252e-323
3.9525252e-323
3.9525252e-323
3.9525252e-323
3.9525252e-323
3.9525252e-323
3.9525252e-323
3.9525252e-323
3.9525252e-323
3.9525252e-323
3.9525252e-323
3.9525252e-323
3.9525252e-323
3.9525252e-323
3.9525252e-323
3.9525252e-323
3.9525252e-323
3.9525252e-323
3.9525252e-323
3.9525252e-323
3.9525252e-323
3.9525252e-323
3.9525252e-323
3.9525252e-323
3.9525252e-323
3.9525252e-323
3.9525252e-323
3.9525252e-323
3.9525252e-323
3.9525252e-323
3.9525252e-323
3.9525252e-323
3.9525252e-323
3.9525252e-323
3.9525252e-323
3.9525252e-323
3.9525252e-323
3.9525252e-323
3.9525252e-323
3.9525252e-323
3.9525252e-323
3.9525252e-323
3.9525252e-323
3.9525252e-323
3.9525252e-323
3.9525252e-323
3.9525252e-323
3.9525252e-323
3.9525252e-323
3.9525252e-323
3.9525252e-323
3.9525252e-323
3.9525252e-323
3.9525252e-323
3.9525252e-323
3.9525252e-323
3.9525252e-323
3.9525252e-323
3.9525252e-323
3.9525252e-323
3.9525252e-323
3.9525252e-323
3.9525252e-323
3.9525252e-323
3.9525252e-323
3.9525252e-323
3.9525252e-323
3.9525252e-323
3.9525252e-323
3.9525252e-323
3.9525252e-323
3.9525252e-323
3.9525252e-323
3.9525252e-323
3.9525252e-323
3.9525252e-323
3.9525252e-323
3.9525252e-323
3.9525252e-323
3.9525252e-323
3.9525252e-323
3.9525252e-323
3.9525252e-323
3.9525252e-323
3.9525252e-323
3.9525252e-323
3.9525252e-323
3.9525252e-323
3.9525252e-323
3.9525252e-323
3.9525252e-323
3.9525252e-323
3.9525252e-323
3.9525252e-323
3.9525252e-323
3.9525252e-323
3.9525252e-323
3.9525252e-323
3.9525252e-323
3.9525252e-323
3.9525252e-323
3.9525252e-323
3.9525252e-323
3.9525252e-323
3.9525252e-323
3.9525252e-323
3.9525252e-323
3.9525252e-323
3.9525252e-323
3.9525252e-323
3.9525252e-323
3.9525252e-323
3.9525252e-323
3.9525252e-323
3.9525252e-323
3.9525252e-323
3.9525252e-323
3.9525252e-323
3.9525252e-323
3.9525252e-323
3.9525252e-323
3.9525252e-323
3.9525252e-323
3.9525252e-323
3.9525252e-323
3.9525252e-323
3.9525252e-323
3.9525252e-323
3.9525252e-323
3.9525252e-323
3.9525252e-323
3.9525252e-323
3.9525252e-323
3.9525252e-323
3.9525252e-323
3.9525252e-323
3.9525252e-323
3.9525252e-323
3.9525252e-323
3.9525252e-323
3.9525252e-323
3.9525252e-323
3.9525252e-323
3.9525252e-323
3.9525252e-323
3.9525252e-323
3.9525252e-323
3.9525252e-323
3.9525252e-323
3.9525252e-323
3.9525252e-323
3.9525252e-323
3.9525252e-323
3.9525252e-323
3.9525252e-323
3.9525252e-323
3.9525252e-323
3.9525252e-323
3.9525252e-323
3.9525252e-323
3.9525252e-323
3.9525252e-323
3.9525252e-323
3.9525252e-323
3.9525252e-323
3.9525252e-323
3.9525252e-323
3.9525252e-323
3.9525252e-323
3.9525252e-323
3.9525252e-323
3.9525252e-323
3.9525252e-323
3.9525252e-323
3.9525252e-323
3.9525252e-323
3.9525252e-323
3.9525252e-323
3.9525252e-323
3.9525252e-323
3.9525252e-323
3.9525252e-323
3.9525252e-323
3.9525252e-323
3.9525252e-323
3.9525252e-323
3.9525252e-323
3.9525252e-323
3.9525252e-323
3.9525252e-323
3.9525252e-323
3.9525252e-323
3.9525252e-323
3.9525252e-323
3.9525252e-323
3.9525252e-323
3.9525252e-323
3.9525252e-323
3.9525252e-323
3.9525252e-323
3.9525252e-323
3.9525252e-323
3.9525252e-323
3.9525252e-323
3.9525252e-323
3.9525252e-323
3.9525252e-323
3.9525252e-323
3.9525252e-323
3.9525252e-323
3.9525252e-323
3.9525252e-323
3.9525252e-323
3.9525252e-323
3.9525252e-323
3.9525252e-323
3.9525252e-323
3.9525252e-323
3.9525252e-323
3.9525252e-323
3.9525252e-323
3.9525252e-323
3.9525252e-323
3.9525252e-323
3.9525252e-323
3.9525252e-323
3.9525252e-323
3.9525252e-323
3.9525252e-323
3.9525252e-323
3.9525252e-323
3.9525252e-323
3.9525252e-323
3.9525252e-323
3.9525252e-323
3.9525252e-323
3.9525252e-323
3.9525252e-323
3.9525252e-323
3.9525252e-323
3.9525252e-323
3.9525252e-323
3.9525252e-323
3.9525252e-323
3.9525252e-323
3.9525252e-323
3.9525252e-323
3.9525252e-323
3.9525252e-323
3.9525252e-323
3.9525252e-323
3.9525252e-323
3.9525252e-323
3.9525252e-323
3.9525252e-323
3.9525252e-323
3.9525252e-323
3.9525252e-323
3.9525252e-323
3.9525252e-323
3.9525252e-323
3.9525252e-323
3.9525252e-323
3.9525252e-323
3.9525252e-323
3.9525252e-323
3.9525252e-323
3.9525252e-323
3.9525252e-323
3.9525252e-323
3.9525252e-323
3.9525252e-323
3.9525252e-323
3.9525252e-323
3.9525252e-323
3.9525252e-323
3.9525252e-323
3.9525252e-323
3.9525252e-323
3.9525252e-323
3.9525252e-323
3.9525252e-323
3.9525252e-323
3.9525252e-323
3.9525252e-323
3.9525252e-323
3.9525252e-323
3.9525252e-323
3.9525252e-323
3.9525252e-323
3.9525252e-323
3.9525252e-323
3.9525252e-323
3.9525252e-323
3.9525252e-323
3.9525252e-323
3.9525252e-323
3.9525252e-323
3.9525252e-323
3.9525252e-323
3.9525252e-323
3.9525252e-323
3.9525252e-323
3.9525252e-323
3.9525252e-323
3.9525252e-323
3.9525252e-323
3.9525252e-323
3.9525252e-323
3.9525252e-323
3.9525252e-323
3.9525252e-323
3.9525252e-323
3.9525252e-323
3.9525252e-323
3.9525252e-323
3.9525252e-323
3.9525252e-323
3.9525252e-323
3.9525252e-323
3.9525252e-323
3.9525252e-323
3.9525252e-323
3.9525252e-323
3.9525252e-323
3.9525252e-323
3.9525252e-323
3.9525252e-323
3.9525252e-323
3.9525252e-323
3.9525252e-323
3.9525252e-323
3.9525252e-323
3.9525252e-323
3.9525252e-323
3.9525252e-323
3.9525252e-323
3.9525252e-323
3.9525252e-323
3.9525252e-323
3.9525252e-323
3.9525252e-323
3.9525252e-323
3.9525252e-323
3.4584595e-323
3.9525252e-323
3.9525252e-323
3.9525252e-323
3.9525252e-323
3.9525252e-323
3.9525252e-323
3.9525252e-323
3.9525252e-323
3.9525252e-323
3.9525252e-323
3.9525252e-323
3.9525252e-323
3.9525252e-323
3.9525252e-323
3.9525252e-323
3.9525252e-323
3.9525252e-323
3.9525252e-323
3.9525252e-323
3.9525252e-323
3.9525252e-323
3.9525252e-323
3.9525252e-323
3.9525252e-323
3.9525252e-323
3.9525252e-323
3.9525252e-323
3.9525252e-323
3.9525252e-323
3.9525252e-323
3.9525252e-323
3.9525252e-323
3.9525252e-323
3.9525252e-323
3.9525252e-323
3.9525252e-323
3.9525252e-323
3.9525252e-323
3.9525252e-323
3.9525252e-323
3.9525252e-323
3.9525252e-323
3.9525252e-323
3.9525252e-323
3.9525252e-323
3.9525252e-323
3.9525252e-323
3.9525252e-323
3.9525252e-323
2.9643939e-323
3.4584595e-323
3.4584595e-323
3.4584595e-323
3.4584595e-323
3.4584595e-323
3.4584595e-323
3.4584595e-323
3.4584595e-323
3.4584595e-323
3.4584595e-323
3.4584595e-323
3.4584595e-323
3.4584595e-323
3.4584595e-323
3.4584595e-323
3.4584595e-323
3.4584595e-323
3.4584595e-323
3.4584595e-323
3.4584595e-323
3.4584595e-323
3.4584595e-323
3.4584595e-323
3.4584595e-323
3.4584595e-323
3.4584595e-323
3.4584595e-323
3.4584595e-323
3.4584595e-323
3.4584595e-323
3.4584595e-323
3.4584595e-323
3.4584595e-323
3.4584595e-323
3.4584595e-323
3.4584595e-323
3.4584595e-323
3.4584595e-323
3.4584595e-323
3.4584595e-323
3.4584595e-323
3.4584595e-323
3.4584595e-323
3.4584595e-323
3.4584595e-323
3.4584595e-323
3.4584595e-323
3.4584595e-323
3.4584595e-323
2.4703282e-323
2.9643939e-323
2.9643939e-323
2.9643939e-323
2.9643939e-323
2.9643939e-323
2.9643939e-323
2.9643939e-323
2.9643939e-323
2.9643939e-323
2.9643939e-323
2.9643939e-323
2.9643939e-323
2.9643939e-323
2.9643939e-323
2.9643939e-323
2.9643939e-323
2.9643939e-323
2.9643939e-323
2.9643939e-323
2.9643939e-323
2.9643939e-323
2.9643939e-323
2.9643939e-323
2.9643939e-323
2.9643939e-323
2.9643939e-323
2.9643939e-323
2.9643939e-323
2.9643939e-323
2.9643939e-323
2.9643939e-323
2.9643939e-323
2.9643939e-323
2.9643939e-323
2.9643939e-323
2.9643939e-323
2.9643939e-323
2.9643939e-323
2.9643939e-323
2.9643939e-323
2.9643939e-323
2.9643939e-323
2.9643939e-323
2.9643939e-323
2.9643939e-323
2.9643939e-323
2.9643939e-323
2.9643939e-323
2.9643939e-323
1.9762626e-323
2.4703282e-323
2.4703282e-323
2.4703282e-323
2.4703282e-323
2.4703282e-323
2.4703282e-323
2.4703282e-323
2.4703282e-323
2.4703282e-323
2.4703282e-323
2.4703282e-323
2.4703282e-323
2.4703282e-323
2.4703282e-323
2.4703282e-323
2.4703282e-323
2.4703282e-323
2.4703282e-323
2.4703282e-323
2.4703282e-323
2.4703282e-323
2.4703282e-323
2.4703282e-323
2.4703282e-323
2.4703282e-323
2.4703282e-323
2.4703282e-323
2.4703282e-323
2.4703282e-323
2.4703282e-323
2.4703282e-323
2.4703282e-323
2.4703282e-323
2.4703282e-323
2.4703282e-323
2.4703282e-323
2.4703282e-323
2.4703282e-323
2.4703282e-323
2.4703282e-323
2.4703282e-323
2.4703282e-323
2.4703282e-323
2.4703282e-323
2.4703282e-323
2.4703282e-323
2.4703282e-323
2.4703282e-323
2.4703282e-323
9.8813129e-324
1.9762626e-323
1.9762626e-323
1.9762626e-323
1.9762626e-323
1.9762626e-323
1.9762626e-323
1.9762626e-323
1.9762626e-323
1.9762626e-323
1.9762626e-323
1.9762626e-323
1.9762626e-323
1.9762626e-323
1.9762626e-323
1.9762626e-323
1.9762626e-323
1.9762626e-323
1.9762626e-323
1.9762626e-323
1.9762626e-323
1.9762626e-323
1.9762626e-323
1.9762626e-323
1.9762626e-323
1.9762626e-323
1.9762626e-323
1.9762626e-323
1.9762626e-323
1.9762626e-323
1.9762626e-323
1.9762626e-323
1.9762626e-323
1.9762626e-323
1.9762626e-323
1.9762626e-323
1.9762626e-323
1.9762626e-323
1.9762626e-323
1.9762626e-323
1.9762626e-323
1.9762626e-323
1.9762626e-323
1.9762626e-323
1.9762626e-323
1.9762626e-323
1.9762626e-323
1.9762626e-323
1.9762626e-323
1.9762626e-323
0
9.8813129e-324
9.8813129e-324
9.8813129e-324
9.8813129e-324
9.8813129e-324
9.8813129e-324
9.8813129e-324
9.8813129e-324
9.8813129e-324
9.8813129e-324
9.8813129e-324
9.8813129e-324
9.8813129e-324
9.8813129e-324
9.8813129e-324
9.8813129e-324
9.8813129e-324
9.8813129e-324
9.8813129e-324
9.8813129e-324
9.8813129e-324
9.8813129e-324
9.8813129e-324
9.8813129e-324
9.8813129e-324
9.8813129e-324
9.8813129e-324
9.8813129e-324
9.8813129e-324
9.8813129e-324
9.8813129e-324
9.8813129e-324
9.8813129e-324
9.8813129e-324
9.8813129e-324
9.8813129e-324
9.8813129e-324
9.8813129e-324
9.8813129e-324
9.8813129e-324
9.8813129e-324
9.8813129e-324
9.8813129e-324
9.8813129e-324
9.8813129e-324
9.8813129e-324
9.8813129e-324
9.8813129e-324
9.8813129e-324
0
0
0
0
0
0
0
0
0
0
0
0
0
0
0
0
0
0
0
0
0
0
0
0
0
0
0
0
0
0
0
0
0
0
0
0
0
0
0
0
0
0
0
0
0
0
0
0
0
0
0
0
0
0
0
0
0
0
0
0
0
0
0
0
0
0
0
0
0
0
0
0
0
0
0
0
0
0
0
0
0
0
0
0
0
0
0
0
0
0
0
0
0
0
0
0
0
0
0
0
0
0
0
0
0
0
0
0
0
0
0
0
0
0
0
0
0
0
0
0
0
0
0
0
0
0
0
0
0
0
0
0
0
0
0
0
0
0
0
0
0
0
0
0
0
0
0
0
0
0
0
0
0
0
0
0
0
0
0
0
0
0
0
0
0
0
0
0
0
0
0
0
0
0
0
0
0
0
0
0
0
0
0
0
0
0
0
0
0
0
0
0
0
0
0
0
0
0
0
0
0
0
0
0
0
0
0
0
0
0
0
0
0
0
0
0
0
0
0
0
0
0
0
0
0
0
0
0
0
0
0
0
0
0
0
0
0
0
0
0
0
0
0
0
0
0
0
0
0
0
0
0
0
0
0
0
0
0
0
0
0
0
0
0
0
0
0
0
0
0
0
0
0
0
0
0
0
0
0
0
0
0
0
0
0
0
0
0
0
0
0
0
0
0
0
0
0
0
0
0
0
0
0
0
0
0
0
0
0
0
0
0
0
0
0
0
0
0
0
0
0
0
0
0
0
0
0
0
0
0
0
0
0
0
0
0
0
0
0
0
0
0
0
0
0
0
0
0
0
0
0
0
0
0
0
0
0
0
0
0
0
0
0
0
0
0
0
0
0
0
0
0
0
0
0
0
0
0
0
0
0
0
0
0
0
0
0
0
0
0
0
0
0
0
0
0
0
0
0
0
0
0
0
0
0
0
0
0
0
0
0
0
0
0
0
0
0
0
0
0
0
0
0
0
0
0
0
0
0
0
0
0
0
0
0
0
0
0
0
0
0
0
0
0
0
0
0
0
0
0
0
0
0
0
0
0
0
0
0
0
0
0
0
0
0
0
0
0
0
0
0
0
0
0
0
0
0
0
0
0
0
0
0
0
0
0
0
0
0
0
0
0
0
0
0
0
0
0
0
0
0
0
0
0
0
0
0
0
0
0
0
0
0
0
0
0
0
0
0
0
0
0
0
0
0
0
0
0
0
0
0
0
0
0
0
0
0
0
0
0
0
0
0
0
0
0
0
0
0
0
0
0
0
0
0
0
0
0
0
0
0
0
0
0
0
0
0
0
0
0
0
0
0
0
0
0
0
0
0
0
0
0
0
0
0
0
0
0
0
0
0
0
0
0
0
0
0
0
0
0
0
0
0
0
0
0
0
0
0
0
0
0
0
0
0
0
0
0
0
0
0
0
0
0
0
0
0
0
0
0
0
0
0
0
0
0
0
0
0
0
0
0
0
0
0
0
0
0
0
0
0
0
0
0
0
0
0
0
0
0
0
0
0
0
0
0
0
0
0
0
0
0
0
0
0
0
0
0
0
0
0
0
0
0
0
0
0
0
0
0
0
0
0
0
0
0
0
0
0
0
0
0
0
0
0
0
0
0
0
0
0
0
0
0
0
0
0
0
0
0
0
0
0
0
0
0
0
0
0
0
0
0
0
0
0
0
0
0
0
0
0
0
0
0
0
0
0
0
0
0
0
0
0
0
0
0
0
0
0
0
0
0
0
0
0
0
0
0
0
0
0
0
0
0
0
0
0
0
0
0
0
0
0
0
0
0
0
0
0
0
0
0
0
0
0
0
0
0
0
0
0
0
0
0
0
0
0
0
0
0
0
0
0
0
0
0
0
0
0
0
0
0
0
0
0
0
0
0
0
0
0
0
0
0
0
0
0
0
0
0
0
0
0
0
0
0
0
0
0
0
0
0
0
0
0
0
0
0
0
0
0
0
0
0
0
0
0
0
0
0
0
0
0
0
0
0
0
0
0
0
0
0
0
0
0
0
0
0
0
0
0
0
0
0
0
0
0
0
0
0
0
0
0
0
0
0
0
0
0
0
0
0
0
0
0
0
0
0
0
0
0
0
0
0
0
0
0
0
0
0
0
0
0
0
0
0
0
0
0
0
0
0
0
0
0
0
0
0
0
0
0
0
0
0
0
0
0
0
0
0
0
0
0
0
0
0
0
0
0
0
0
0
0
0
0
0
0
0
0
0
0
0
0
0
0
0
0
0
0
0
0
0
0
0
0
0
0
0
0
0
)
;

boundaryField
{
    inlet
    {
        type            fixedValue;
        value           uniform 0.2171;
    }
    outlet
    {
        type            inletOutlet;
        inletValue      uniform 0;
        value           uniform 0;
    }
    wall
    {
        type            zeroGradient;
    }
    front
    {
        type            wedge;
    }
    back
    {
        type            wedge;
    }
    axis
    {
        type            empty;
    }
}


// ************************************************************************* //
