/*--------------------------------*- C++ -*----------------------------------*\
  =========                 |
  \\      /  F ield         | OpenFOAM: The Open Source CFD Toolbox
   \\    /   O peration     | Website:  https://openfoam.org
    \\  /    A nd           | Version:  11
     \\/     M anipulation  |
\*---------------------------------------------------------------------------*/
FoamFile
{
    format      ascii;
    class       volScalarField;
    location    "0.5";
    object      p;
}
// * * * * * * * * * * * * * * * * * * * * * * * * * * * * * * * * * * * * * //

dimensions      [1 -1 -2 0 0 0 0];

internalField   nonuniform List<scalar> 
6000
(
4.9449507e+121
4.9449506e+121
4.9449504e+121
4.9449499e+121
4.9449499e+121
4.94495e+121
4.9449504e+121
4.9449506e+121
4.9449506e+121
4.9449504e+121
4.9449505e+121
4.9449503e+121
4.9449504e+121
4.9449502e+121
4.9449501e+121
4.9449501e+121
4.9449499e+121
4.9449498e+121
4.9449498e+121
4.94495e+121
4.9449503e+121
4.9449503e+121
4.9449506e+121
4.9449507e+121
4.9449505e+121
4.9449499e+121
4.9449496e+121
4.9449495e+121
4.9449491e+121
4.944949e+121
4.9449491e+121
4.9449492e+121
4.9449497e+121
4.9449498e+121
4.9449497e+121
4.9449495e+121
4.9449494e+121
4.9449493e+121
4.9449492e+121
4.9449494e+121
4.9449497e+121
4.9449497e+121
4.9449494e+121
4.9449495e+121
4.9449493e+121
4.9449493e+121
4.944949e+121
4.9449491e+121
4.9449488e+121
4.9449488e+121
4.339336e+121
4.339336e+121
4.339336e+121
4.339337e+121
4.3393369e+121
4.339337e+121
4.339336e+121
4.339336e+121
4.3393364e+121
4.3393371e+121
4.3393363e+121
4.339337e+121
4.3393361e+121
4.3393371e+121
4.339337e+121
4.3393363e+121
4.3393372e+121
4.3393375e+121
4.3393374e+121
4.3393374e+121
4.3393368e+121
4.3393378e+121
4.3393371e+121
4.3393362e+121
4.339336e+121
4.339337e+121
4.3393367e+121
4.3393353e+121
4.339336e+121
4.339336e+121
4.3393359e+121
4.339336e+121
4.3393349e+121
4.3393351e+121
4.3393355e+121
4.3393363e+121
4.3393357e+121
4.3393362e+121
4.3393367e+121
4.3393366e+121
4.3393357e+121
4.3393354e+121
4.3393367e+121
4.3393358e+121
4.3393362e+121
4.3393355e+121
4.339336e+121
4.3393348e+121
4.3393354e+121
4.3393351e+121
3.5859729e+121
3.5859714e+121
3.5859672e+121
3.5859611e+121
3.5859598e+121
3.5859628e+121
3.5859684e+121
3.5859714e+121
3.5859708e+121
3.5859665e+121
3.5859686e+121
3.5859659e+121
3.5859682e+121
3.5859647e+121
3.5859661e+121
3.5859671e+121
3.5859619e+121
3.58596e+121
3.58596e+121
3.5859618e+121
3.5859663e+121
3.5859636e+121
3.5859659e+121
3.58597e+121
3.5859692e+121
3.5859631e+121
3.5859619e+121
3.5859645e+121
3.5859598e+121
3.5859589e+121
3.5859613e+121
3.5859623e+121
3.5859684e+121
3.5859702e+121
3.5859682e+121
3.5859649e+121
3.5859628e+121
3.5859609e+121
3.5859598e+121
3.5859618e+121
3.5859678e+121
3.5859682e+121
3.5859631e+121
3.5859639e+121
3.5859629e+121
3.5859663e+121
3.5859637e+121
3.585966e+121
3.5859638e+121
3.5859672e+121
2.932836e+121
2.9328361e+121
2.9328349e+121
2.9328268e+121
2.9328276e+121
2.9328241e+121
2.9328317e+121
2.9328331e+121
2.9328327e+121
2.9328335e+121
2.9328397e+121
2.9328364e+121
2.9328389e+121
2.9328311e+121
2.932829e+121
2.9328368e+121
2.9328364e+121
2.9328369e+121
2.9328379e+121
2.9328371e+121
2.9328403e+121
2.9328361e+121
2.9328434e+121
2.9328465e+121
2.9328441e+121
2.9328345e+121
2.932835e+121
2.93284e+121
2.9328341e+121
2.9328307e+121
2.932827e+121
2.9328293e+121
2.9328368e+121
2.9328356e+121
2.9328361e+121
2.9328311e+121
2.9328402e+121
2.9328395e+121
2.9328355e+121
2.9328337e+121
2.9328386e+121
2.932841e+121
2.9328342e+121
2.93284e+121
2.9328352e+121
2.9328329e+121
2.9328283e+121
2.9328338e+121
2.9328286e+121
2.932825e+121
2.3947592e+121
2.3947628e+121
2.3947708e+121
2.3947804e+121
2.3947825e+121
2.3947752e+121
2.3947683e+121
2.3947612e+121
2.3947611e+121
2.3947691e+121
2.3947685e+121
2.3947722e+121
2.3947686e+121
2.3947734e+121
2.394771e+121
2.3947743e+121
2.3947844e+121
2.394788e+121
2.3947874e+121
2.3947814e+121
2.3947737e+121
2.394778e+121
2.3947764e+121
2.3947681e+121
2.3947677e+121
2.3947756e+121
2.3947773e+121
2.3947739e+121
2.3947807e+121
2.3947795e+121
2.3947708e+121
2.3947688e+121
2.3947604e+121
2.394758e+121
2.3947645e+121
2.3947702e+121
2.3947803e+121
2.3947851e+121
2.3947864e+121
2.3947822e+121
2.3947728e+121
2.3947729e+121
2.3947809e+121
2.3947818e+121
2.3947809e+121
2.394773e+121
2.3947754e+121
2.3947715e+121
2.3947691e+121
2.3947585e+121
1.9549263e+121
1.9549265e+121
1.9549309e+121
1.9549399e+121
1.9549396e+121
1.954941e+121
1.9549335e+121
1.9549292e+121
1.9549273e+121
1.9549268e+121
1.9549223e+121
1.9549251e+121
1.9549235e+121
1.9549317e+121
1.9549338e+121
1.9549278e+121
1.9549282e+121
1.9549266e+121
1.9549259e+121
1.954925e+121
1.9549201e+121
1.9549229e+121
1.9549164e+121
1.9549123e+121
1.9549144e+121
1.9549234e+121
1.9549221e+121
1.9549189e+121
1.9549252e+121
1.9549296e+121
1.9549326e+121
1.9549293e+121
1.9549201e+121
1.9549202e+121
1.9549204e+121
1.9549274e+121
1.9549216e+121
1.9549217e+121
1.9549268e+121
1.9549294e+121
1.9549239e+121
1.9549229e+121
1.9549307e+121
1.9549267e+121
1.954932e+121
1.9549356e+121
1.9549389e+121
1.9549342e+121
1.9549355e+121
1.9549364e+121
1.5958088e+121
1.5958072e+121
1.5958051e+121
1.5958039e+121
1.595803e+121
1.5958045e+121
1.5958032e+121
1.5958054e+121
1.5958059e+121
1.5958043e+121
1.5958043e+121
1.5958049e+121
1.5958058e+121
1.5958057e+121
1.5958067e+121
1.5958028e+121
1.5957992e+121
1.5957972e+121
1.5957984e+121
1.5958019e+121
1.5958018e+121
1.595798e+121
1.5957953e+121
1.5957982e+121
1.5958001e+121
1.5958002e+121
1.595801e+121
1.5958012e+121
1.5957998e+121
1.5958024e+121
1.5958079e+121
1.5958073e+121
1.595805e+121
1.5958047e+121
1.5958012e+121
1.5958015e+121
1.5957941e+121
1.5957907e+121
1.5957928e+121
1.5957956e+121
1.5957982e+121
1.5957987e+121
1.595798e+121
1.5957967e+121
1.5958003e+121
1.5958052e+121
1.5958045e+121
1.5958051e+121
1.59581e+121
1.595817e+121
1.3026498e+121
1.3026495e+121
1.3026464e+121
1.3026443e+121
1.3026434e+121
1.302644e+121
1.3026451e+121
1.302648e+121
1.3026496e+121
1.3026483e+121
1.3026484e+121
1.3026485e+121
1.3026481e+121
1.3026461e+121
1.3026465e+121
1.302646e+121
1.3026446e+121
1.3026444e+121
1.3026432e+121
1.3026446e+121
1.3026464e+121
1.3026461e+121
1.3026465e+121
1.3026484e+121
1.3026491e+121
1.3026498e+121
1.3026512e+121
1.3026501e+121
1.3026482e+121
1.3026464e+121
1.3026463e+121
1.3026472e+121
1.3026495e+121
1.3026499e+121
1.3026493e+121
1.3026468e+121
1.302644e+121
1.3026437e+121
1.3026432e+121
1.3026434e+121
1.302646e+121
1.3026456e+121
1.302644e+121
1.3026446e+121
1.3026442e+121
1.3026438e+121
1.3026442e+121
1.3026436e+121
1.3026457e+121
1.3026481e+121
1.0633475e+121
1.0633471e+121
1.0633454e+121
1.0633448e+121
1.0633453e+121
1.0633483e+121
1.0633493e+121
1.0633512e+121
1.0633515e+121
1.063349e+121
1.0633473e+121
1.0633457e+121
1.0633456e+121
1.063345e+121
1.0633463e+121
1.0633459e+121
1.063345e+121
1.0633454e+121
1.0633447e+121
1.0633449e+121
1.063348e+121
1.0633507e+121
1.0633519e+121
1.0633526e+121
1.0633516e+121
1.063351e+121
1.0633495e+121
1.0633488e+121
1.063348e+121
1.0633466e+121
1.0633464e+121
1.063348e+121
1.0633521e+121
1.063353e+121
1.0633521e+121
1.0633503e+121
1.0633496e+121
1.0633509e+121
1.063349e+121
1.0633484e+121
1.0633494e+121
1.063349e+121
1.0633482e+121
1.0633476e+121
1.0633467e+121
1.0633457e+121
1.0633471e+121
1.0633464e+121
1.0633456e+121
1.0633456e+121
8.6800683e+120
8.680067e+120
8.6800675e+120
8.6800638e+120
8.680072e+120
8.68009e+120
8.6800846e+120
8.6800845e+120
8.6800834e+120
8.6800891e+120
8.6800813e+120
8.6800797e+120
8.6800896e+120
8.6800882e+120
8.6800843e+120
8.6800852e+120
8.680093e+120
8.6801106e+120
8.6801211e+120
8.6801165e+120
8.6801218e+120
8.6801249e+120
8.6801195e+120
8.6801128e+120
8.6801073e+120
8.680088e+120
8.6800784e+120
8.6800827e+120
8.6800882e+120
8.6800912e+120
8.6800929e+120
8.6800961e+120
8.680112e+120
8.6801226e+120
8.6801161e+120
8.6801099e+120
8.6801131e+120
8.6801126e+120
8.680092e+120
8.6800813e+120
8.6800785e+120
8.6800801e+120
8.6800764e+120
8.6800639e+120
8.6800575e+120
8.6800488e+120
8.6800458e+120
8.6800597e+120
8.6800712e+120
8.680076e+120
7.0855387e+120
7.0855422e+120
7.0855487e+120
7.08554e+120
7.0855388e+120
7.0855342e+120
7.0855388e+120
7.0855346e+120
7.0855317e+120
7.0855432e+120
7.0855511e+120
7.0855648e+120
7.0855756e+120
7.0855755e+120
7.0855603e+120
7.0855607e+120
7.0855667e+120
7.0855678e+120
7.0855596e+120
7.085556e+120
7.0855415e+120
7.0855319e+120
7.0855265e+120
7.085519e+120
7.0855216e+120
7.0855211e+120
7.0855227e+120
7.0855249e+120
7.0855343e+120
7.0855497e+120
7.0855569e+120
7.0855453e+120
7.0855361e+120
7.0855316e+120
7.0855297e+120
7.0855267e+120
7.0855208e+120
7.0855179e+120
7.0855143e+120
7.0855146e+120
7.0855082e+120
7.0855034e+120
7.0855008e+120
7.0854994e+120
7.085495e+120
7.0855014e+120
7.0855025e+120
7.0855156e+120
7.0855273e+120
7.0855269e+120
5.7839125e+120
5.7839113e+120
5.7839096e+120
5.7839111e+120
5.7839091e+120
5.7838995e+120
5.7839046e+120
5.7839072e+120
5.783909e+120
5.7839076e+120
5.7839101e+120
5.7839079e+120
5.7839057e+120
5.7839085e+120
5.7839055e+120
5.7839031e+120
5.7839023e+120
5.783891e+120
5.7838846e+120
5.7838866e+120
5.7838804e+120
5.7838788e+120
5.7838824e+120
5.783887e+120
5.7838813e+120
5.7838842e+120
5.7838925e+120
5.783896e+120
5.7838956e+120
5.783903e+120
5.783909e+120
5.7839109e+120
5.7839015e+120
5.7838895e+120
5.7838923e+120
5.7838913e+120
5.7838947e+120
5.7839007e+120
5.7839088e+120
5.7839115e+120
5.7838992e+120
5.7838866e+120
5.7838808e+120
5.7838824e+120
5.7838835e+120
5.7838934e+120
5.783902e+120
5.783901e+120
5.7838982e+120
5.7838929e+120
4.7213788e+120
4.7213762e+120
4.7213696e+120
4.7213758e+120
4.7213721e+120
4.7213725e+120
4.7213675e+120
4.7213675e+120
4.7213703e+120
4.7213618e+120
4.721353e+120
4.7213446e+120
4.7213407e+120
4.721343e+120
4.7213489e+120
4.7213481e+120
4.721346e+120
4.7213459e+120
4.7213517e+120
4.7213526e+120
4.7213591e+120
4.7213607e+120
4.7213578e+120
4.7213618e+120
4.7213625e+120
4.7213595e+120
4.7213671e+120
4.7213741e+120
4.7213683e+120
4.7213628e+120
4.7213609e+120
4.7213691e+120
4.7213705e+120
4.7213698e+120
4.7213789e+120
4.7213819e+120
4.7213928e+120
4.7213958e+120
4.7214003e+120
4.721394e+120
4.7213889e+120
4.7213796e+120
4.7213722e+120
4.7213698e+120
4.7213729e+120
4.7213716e+120
4.7213664e+120
4.7213609e+120
4.7213595e+120
4.7213638e+120
3.8540121e+120
3.8540125e+120
3.854012e+120
3.8540093e+120
3.8540123e+120
3.8540178e+120
3.854017e+120
3.8540148e+120
3.8540157e+120
3.8540131e+120
3.8540112e+120
3.8540135e+120
3.854014e+120
3.854012e+120
3.8540117e+120
3.8540122e+120
3.8540113e+120
3.8540138e+120
3.8540149e+120
3.8540149e+120
3.8540203e+120
3.8540225e+120
3.8540204e+120
3.8540236e+120
3.8540334e+120
3.8540346e+120
3.8540326e+120
3.8540337e+120
3.8540342e+120
3.8540305e+120
3.854028e+120
3.8540246e+120
3.8540254e+120
3.8540274e+120
3.8540239e+120
3.8540279e+120
3.8540291e+120
3.8540289e+120
3.8540295e+120
3.8540273e+120
3.8540313e+120
3.8540356e+120
3.8540337e+120
3.854033e+120
3.854034e+120
3.854027e+120
3.8540192e+120
3.8540168e+120
3.8540202e+120
3.8540269e+120
3.146e+120
3.1460006e+120
3.1460041e+120
3.1460003e+120
3.1460058e+120
3.1460075e+120
3.1460125e+120
3.1460115e+120
3.1460128e+120
3.1460161e+120
3.1460188e+120
3.1460202e+120
3.1460174e+120
3.1460175e+120
3.1460162e+120
3.1460138e+120
3.1460105e+120
3.1460073e+120
3.1460083e+120
3.146011e+120
3.1460151e+120
3.1460182e+120
3.1460219e+120
3.146023e+120
3.1460271e+120
3.1460325e+120
3.1460298e+120
3.1460284e+120
3.1460319e+120
3.1460316e+120
3.1460341e+120
3.1460309e+120
3.1460293e+120
3.1460324e+120
3.1460226e+120
3.1460244e+120
3.1460175e+120
3.1460151e+120
3.1460146e+120
3.1460174e+120
3.1460178e+120
3.1460229e+120
3.146025e+120
3.1460241e+120
3.1460197e+120
3.1460197e+120
3.1460207e+120
3.1460236e+120
3.1460242e+120
3.1460236e+120
2.5680671e+120
2.5680689e+120
2.5680707e+120
2.5680718e+120
2.568072e+120
2.5680703e+120
2.5680733e+120
2.5680772e+120
2.5680779e+120
2.5680798e+120
2.5680797e+120
2.5680767e+120
2.5680733e+120
2.568075e+120
2.5680763e+120
2.568073e+120
2.5680706e+120
2.5680699e+120
2.5680759e+120
2.5680792e+120
2.5680807e+120
2.5680814e+120
2.5680859e+120
2.5680842e+120
2.5680827e+120
2.5680839e+120
2.5680834e+120
2.5680841e+120
2.5680842e+120
2.5680857e+120
2.5680913e+120
2.5680919e+120
2.5680911e+120
2.5680911e+120
2.5680898e+120
2.5680893e+120
2.5680834e+120
2.5680817e+120
2.5680811e+120
2.568081e+120
2.5680788e+120
2.5680765e+120
2.5680795e+120
2.5680767e+120
2.568076e+120
2.5680781e+120
2.5680819e+120
2.5680878e+120
2.5680879e+120
2.5680848e+120
2.0963081e+120
2.0963094e+120
2.0963082e+120
2.0963101e+120
2.0963071e+120
2.0963059e+120
2.0963061e+120
2.0963093e+120
2.0963082e+120
2.0963079e+120
2.0963088e+120
2.0963063e+120
2.0963049e+120
2.0963045e+120
2.0963057e+120
2.096305e+120
2.0963056e+120
2.0963076e+120
2.0963093e+120
2.0963106e+120
2.0963077e+120
2.096306e+120
2.096309e+120
2.0963107e+120
2.0963092e+120
2.096305e+120
2.0963049e+120
2.0963045e+120
2.0963046e+120
2.0963063e+120
2.096306e+120
2.0963066e+120
2.0963102e+120
2.0963095e+120
2.0963113e+120
2.0963077e+120
2.0963079e+120
2.0963058e+120
2.0963041e+120
2.0963047e+120
2.096307e+120
2.0963054e+120
2.0963065e+120
2.0963059e+120
2.0963102e+120
2.0963105e+120
2.0963124e+120
2.0963151e+120
2.096316e+120
2.0963167e+120
1.7112073e+120
1.7112065e+120
1.7112064e+120
1.7112074e+120
1.7112047e+120
1.7112053e+120
1.7112046e+120
1.7112014e+120
1.7111999e+120
1.7111992e+120
1.711201e+120
1.7112018e+120
1.7112023e+120
1.711202e+120
1.711201e+120
1.7112019e+120
1.7112024e+120
1.7112038e+120
1.7112008e+120
1.7112003e+120
1.711199e+120
1.7111989e+120
1.711198e+120
1.7111993e+120
1.7111982e+120
1.711197e+120
1.7111989e+120
1.7111989e+120
1.7111998e+120
1.7112e+120
1.711196e+120
1.7111963e+120
1.7111996e+120
1.7112033e+120
1.7112051e+120
1.711203e+120
1.7112062e+120
1.7112046e+120
1.7112034e+120
1.7112043e+120
1.7112067e+120
1.7112095e+120
1.7112096e+120
1.7112106e+120
1.7112106e+120
1.7112132e+120
1.7112148e+120
1.7112139e+120
1.711213e+120
1.7112148e+120
1.3968438e+120
1.3968436e+120
1.3968448e+120
1.3968445e+120
1.3968433e+120
1.3968436e+120
1.3968444e+120
1.3968421e+120
1.396843e+120
1.3968428e+120
1.3968416e+120
1.3968432e+120
1.3968448e+120
1.3968462e+120
1.3968455e+120
1.3968456e+120
1.3968456e+120
1.3968469e+120
1.3968453e+120
1.3968441e+120
1.3968453e+120
1.3968468e+120
1.3968451e+120
1.3968437e+120
1.3968432e+120
1.3968458e+120
1.3968469e+120
1.3968483e+120
1.3968485e+120
1.3968473e+120
1.3968464e+120
1.3968455e+120
1.396844e+120
1.3968452e+120
1.3968466e+120
1.3968481e+120
1.3968492e+120
1.3968513e+120
1.396853e+120
1.3968532e+120
1.3968529e+120
1.3968551e+120
1.3968567e+120
1.396857e+120
1.3968555e+120
1.3968566e+120
1.396859e+120
1.396859e+120
1.3968574e+120
1.3968566e+120
1.1402355e+120
1.1402359e+120
1.1402363e+120
1.1402362e+120
1.1402366e+120
1.1402362e+120
1.1402367e+120
1.140238e+120
1.1402404e+120
1.1402407e+120
1.1402391e+120
1.1402386e+120
1.140239e+120
1.1402399e+120
1.1402411e+120
1.1402411e+120
1.1402406e+120
1.1402409e+120
1.1402419e+120
1.1402424e+120
1.1402432e+120
1.1402434e+120
1.1402439e+120
1.1402431e+120
1.140244e+120
1.1402448e+120
1.1402435e+120
1.1402438e+120
1.1402451e+120
1.140245e+120
1.1402466e+120
1.1402464e+120
1.1402442e+120
1.140242e+120
1.140242e+120
1.1402423e+120
1.140241e+120
1.1402419e+120
1.1402428e+120
1.1402436e+120
1.1402441e+120
1.140244e+120
1.1402449e+120
1.140245e+120
1.1402458e+120
1.140245e+120
1.140246e+120
1.1402469e+120
1.1402464e+120
1.1402451e+120
9.3077094e+119
9.3077083e+119
9.3077127e+119
9.3077216e+119
9.3077348e+119
9.3077374e+119
9.3077343e+119
9.3077405e+119
9.3077416e+119
9.3077436e+119
9.3077455e+119
9.307742e+119
9.3077325e+119
9.3077242e+119
9.3077294e+119
9.3077341e+119
9.3077343e+119
9.3077215e+119
9.3077266e+119
9.3077397e+119
9.3077397e+119
9.3077385e+119
9.3077473e+119
9.3077615e+119
9.307768e+119
9.3077526e+119
9.3077437e+119
9.3077377e+119
9.307742e+119
9.307753e+119
9.3077633e+119
9.3077841e+119
9.3077846e+119
9.3077717e+119
9.3077755e+119
9.3077679e+119
9.3077469e+119
9.3077347e+119
9.3077291e+119
9.3077319e+119
9.3077411e+119
9.3077409e+119
9.307734e+119
9.307739e+119
9.3077512e+119
9.3077551e+119
9.3077449e+119
9.3077376e+119
9.3077388e+119
9.3077464e+119
7.5978426e+119
7.5978404e+119
7.5978487e+119
7.597858e+119
7.5978551e+119
7.5978572e+119
7.5978599e+119
7.5978561e+119
7.5978475e+119
7.5978443e+119
7.5978493e+119
7.5978537e+119
7.5978509e+119
7.5978475e+119
7.5978464e+119
7.5978515e+119
7.5978588e+119
7.5978518e+119
7.5978404e+119
7.5978431e+119
7.5978441e+119
7.5978469e+119
7.5978496e+119
7.5978657e+119
7.5978663e+119
7.5978609e+119
7.5978687e+119
7.5978576e+119
7.5978362e+119
7.5978359e+119
7.5978336e+119
7.5978412e+119
7.5978443e+119
7.5978488e+119
7.5978609e+119
7.5978744e+119
7.5978721e+119
7.5978751e+119
7.5978739e+119
7.5978725e+119
7.5978638e+119
7.5978614e+119
7.5978553e+119
7.5978627e+119
7.5978696e+119
7.5978812e+119
7.5978713e+119
7.5978588e+119
7.5978601e+119
7.5978646e+119
6.2020581e+119
6.2020617e+119
6.2020589e+119
6.2020633e+119
6.2020577e+119
6.2020577e+119
6.202059e+119
6.2020605e+119
6.2020631e+119
6.2020621e+119
6.2020576e+119
6.2020546e+119
6.202057e+119
6.2020659e+119
6.2020658e+119
6.2020726e+119
6.2020785e+119
6.2020899e+119
6.2020906e+119
6.2020876e+119
6.20209e+119
6.2020912e+119
6.2020918e+119
6.2020875e+119
6.2020882e+119
6.202096e+119
6.2020984e+119
6.2020888e+119
6.2020686e+119
6.2020641e+119
6.2020642e+119
6.2020519e+119
6.2020538e+119
6.2020632e+119
6.2020718e+119
6.2020892e+119
6.2021074e+119
6.2021207e+119
6.2021244e+119
6.202121e+119
6.2021049e+119
6.2021021e+119
6.2021004e+119
6.2021077e+119
6.2021017e+119
6.2021008e+119
6.2021001e+119
6.202106e+119
6.2021047e+119
6.2020981e+119
5.0627106e+119
5.0627108e+119
5.0626964e+119
5.0626933e+119
5.0626961e+119
5.0626951e+119
5.0626953e+119
5.0626965e+119
5.0627007e+119
5.0627055e+119
5.0626973e+119
5.0626932e+119
5.0626963e+119
5.0627001e+119
5.062698e+119
5.0627004e+119
5.0627029e+119
5.0627109e+119
5.062725e+119
5.0627268e+119
5.0627323e+119
5.0627327e+119
5.062729e+119
5.0627171e+119
5.0627155e+119
5.0627149e+119
5.0627021e+119
5.0627004e+119
5.0627031e+119
5.0627083e+119
5.0627169e+119
5.0627211e+119
5.0627337e+119
5.0627436e+119
5.0627439e+119
5.0627399e+119
5.0627457e+119
5.0627419e+119
5.0627391e+119
5.0627328e+119
5.0627331e+119
5.0627377e+119
5.0627391e+119
5.0627421e+119
5.0627373e+119
5.0627282e+119
5.0627256e+119
5.062733e+119
5.0627347e+119
5.0627279e+119
4.1326724e+119
4.1326686e+119
4.1326661e+119
4.1326625e+119
4.1326629e+119
4.1326582e+119
4.1326559e+119
4.1326571e+119
4.1326578e+119
4.132664e+119
4.1326666e+119
4.1326667e+119
4.1326666e+119
4.1326636e+119
4.1326647e+119
4.1326601e+119
4.1326593e+119
4.1326596e+119
4.1326672e+119
4.1326726e+119
4.1326744e+119
4.1326766e+119
4.1326702e+119
4.1326644e+119
4.1326593e+119
4.1326546e+119
4.1326547e+119
4.13266e+119
4.132675e+119
4.1326831e+119
4.1326879e+119
4.1327001e+119
4.1327071e+119
4.1327114e+119
4.1327108e+119
4.1327009e+119
4.132697e+119
4.132687e+119
4.1326823e+119
4.13268e+119
4.1326835e+119
4.1326824e+119
4.1326828e+119
4.13268e+119
4.1326839e+119
4.132678e+119
4.1326753e+119
4.1326748e+119
4.132674e+119
4.1326697e+119
3.3734803e+119
3.3734817e+119
3.3734893e+119
3.3734885e+119
3.3734857e+119
3.3734869e+119
3.373483e+119
3.3734858e+119
3.3734845e+119
3.3734861e+119
3.3734919e+119
3.3734903e+119
3.3734862e+119
3.3734854e+119
3.3734884e+119
3.3734824e+119
3.3734784e+119
3.3734801e+119
3.3734793e+119
3.3734809e+119
3.3734775e+119
3.3734787e+119
3.3734815e+119
3.3734837e+119
3.3734808e+119
3.373482e+119
3.3734923e+119
3.373496e+119
3.3735034e+119
3.3735045e+119
3.3734992e+119
3.3734962e+119
3.3734924e+119
3.3734925e+119
3.3734945e+119
3.3734946e+119
3.3734944e+119
3.3734925e+119
3.3734954e+119
3.3734959e+119
3.3734908e+119
3.3734845e+119
3.3734832e+119
3.3734829e+119
3.3734866e+119
3.3734883e+119
3.3734911e+119
3.3734922e+119
3.373491e+119
3.3734943e+119
2.7537622e+119
2.7537649e+119
2.7537663e+119
2.7537621e+119
2.7537586e+119
2.7537615e+119
2.7537597e+119
2.7537599e+119
2.7537582e+119
2.7537547e+119
2.7537538e+119
2.7537559e+119
2.7537583e+119
2.7537608e+119
2.7537605e+119
2.7537589e+119
2.7537556e+119
2.7537556e+119
2.7537537e+119
2.7537503e+119
2.7537488e+119
2.7537492e+119
2.7537551e+119
2.7537625e+119
2.7537708e+119
2.7537749e+119
2.7537748e+119
2.753777e+119
2.7537772e+119
2.7537721e+119
2.7537672e+119
2.7537582e+119
2.7537547e+119
2.7537547e+119
2.7537533e+119
2.7537567e+119
2.7537546e+119
2.7537538e+119
2.7537551e+119
2.753756e+119
2.7537554e+119
2.7537556e+119
2.7537573e+119
2.7537613e+119
2.7537611e+119
2.7537647e+119
2.7537673e+119
2.7537674e+119
2.7537706e+119
2.7537772e+119
2.2478815e+119
2.247883e+119
2.2478812e+119
2.2478768e+119
2.2478736e+119
2.2478726e+119
2.2478738e+119
2.2478715e+119
2.2478698e+119
2.2478684e+119
2.2478648e+119
2.2478675e+119
2.2478695e+119
2.2478711e+119
2.2478716e+119
2.2478755e+119
2.2478786e+119
2.247877e+119
2.2478753e+119
2.2478739e+119
2.2478759e+119
2.2478751e+119
2.2478766e+119
2.2478806e+119
2.2478881e+119
2.2478914e+119
2.2478901e+119
2.2478938e+119
2.2478918e+119
2.2478865e+119
2.2478835e+119
2.2478807e+119
2.2478798e+119
2.2478789e+119
2.2478765e+119
2.247878e+119
2.247878e+119
2.2478798e+119
2.2478786e+119
2.2478797e+119
2.2478836e+119
2.2478868e+119
2.2478897e+119
2.2478905e+119
2.2478861e+119
2.2478864e+119
2.2478842e+119
2.247882e+119
2.2478839e+119
2.2478855e+119
1.8349252e+119
1.8349264e+119
1.8349275e+119
1.8349298e+119
1.8349311e+119
1.8349296e+119
1.8349322e+119
1.834929e+119
1.8349283e+119
1.8349302e+119
1.8349282e+119
1.8349269e+119
1.8349256e+119
1.8349257e+119
1.8349275e+119
1.8349309e+119
1.8349353e+119
1.8349346e+119
1.8349332e+119
1.8349354e+119
1.8349377e+119
1.8349361e+119
1.8349356e+119
1.8349346e+119
1.834933e+119
1.8349333e+119
1.8349341e+119
1.8349341e+119
1.8349336e+119
1.8349353e+119
1.8349339e+119
1.8349341e+119
1.834934e+119
1.8349343e+119
1.8349363e+119
1.8349367e+119
1.8349391e+119
1.8349424e+119
1.8349411e+119
1.8349402e+119
1.8349429e+119
1.8349448e+119
1.8349454e+119
1.8349421e+119
1.8349404e+119
1.8349388e+119
1.8349366e+119
1.8349354e+119
1.8349351e+119
1.8349327e+119
1.4978368e+119
1.4978364e+119
1.4978375e+119
1.4978408e+119
1.4978433e+119
1.4978428e+119
1.4978428e+119
1.4978427e+119
1.4978439e+119
1.4978438e+119
1.4978449e+119
1.4978439e+119
1.4978446e+119
1.4978464e+119
1.4978469e+119
1.4978466e+119
1.4978474e+119
1.4978476e+119
1.4978483e+119
1.49785e+119
1.4978499e+119
1.4978498e+119
1.4978473e+119
1.497846e+119
1.497843e+119
1.4978408e+119
1.4978398e+119
1.4978395e+119
1.4978405e+119
1.4978448e+119
1.4978469e+119
1.4978479e+119
1.4978475e+119
1.4978481e+119
1.4978509e+119
1.49785e+119
1.4978497e+119
1.4978512e+119
1.4978526e+119
1.4978524e+119
1.497852e+119
1.49785e+119
1.4978493e+119
1.4978491e+119
1.4978524e+119
1.4978493e+119
1.4978479e+119
1.4978468e+119
1.4978464e+119
1.4978465e+119
1.2226823e+119
1.2226809e+119
1.2226802e+119
1.22268e+119
1.2226808e+119
1.2226822e+119
1.222681e+119
1.2226826e+119
1.2226833e+119
1.2226808e+119
1.222682e+119
1.2226811e+119
1.2226813e+119
1.222683e+119
1.2226828e+119
1.2226817e+119
1.2226814e+119
1.2226814e+119
1.222683e+119
1.2226826e+119
1.2226823e+119
1.2226826e+119
1.2226816e+119
1.2226817e+119
1.2226811e+119
1.2226789e+119
1.2226786e+119
1.2226796e+119
1.2226788e+119
1.2226799e+119
1.2226819e+119
1.2226833e+119
1.2226839e+119
1.222685e+119
1.2226851e+119
1.222685e+119
1.2226853e+119
1.2226855e+119
1.2226875e+119
1.2226894e+119
1.2226874e+119
1.2226848e+119
1.2226835e+119
1.2226859e+119
1.2226882e+119
1.2226872e+119
1.2226866e+119
1.2226847e+119
1.222684e+119
1.2226862e+119
9.9807161e+118
9.9807193e+118
9.9807097e+118
9.9806936e+118
9.9806919e+118
9.9806991e+118
9.9807041e+118
9.9807051e+118
9.9806956e+118
9.9806914e+118
9.9806888e+118
9.9806909e+118
9.9806801e+118
9.9806703e+118
9.9806588e+118
9.9806634e+118
9.980672e+118
9.9806716e+118
9.9806753e+118
9.9806687e+118
9.9806738e+118
9.9806807e+118
9.9806996e+118
9.9807003e+118
9.9807011e+118
9.9806998e+118
9.98071e+118
9.9807049e+118
9.9806952e+118
9.9806966e+118
9.9807035e+118
9.9807129e+118
9.9807298e+118
9.9807411e+118
9.9807299e+118
9.9807412e+118
9.9807513e+118
9.9807408e+118
9.9807381e+118
9.9807413e+118
9.9807403e+118
9.9807469e+118
9.9807413e+118
9.9807493e+118
9.9807403e+118
9.9807547e+118
9.9807603e+118
9.9807492e+118
9.9807417e+118
9.9807416e+118
8.1471872e+118
8.1471989e+118
8.1471948e+118
8.1471892e+118
8.1471898e+118
8.1471821e+118
8.1471869e+118
8.1471875e+118
8.1471842e+118
8.1472003e+118
8.1472006e+118
8.1472175e+118
8.1472095e+118
8.147195e+118
8.1471876e+118
8.1471907e+118
8.14719e+118
8.1471858e+118
8.1471789e+118
8.1471809e+118
8.1471803e+118
8.1471915e+118
8.1472039e+118
8.1472058e+118
8.147204e+118
8.1472089e+118
8.1472154e+118
8.1472175e+118
8.147224e+118
8.1472331e+118
8.1472331e+118
8.1472367e+118
8.1472517e+118
8.1472435e+118
8.1472438e+118
8.147246e+118
8.1472349e+118
8.1472294e+118
8.1472275e+118
8.1472162e+118
8.1472201e+118
8.1472308e+118
8.1472358e+118
8.1472307e+118
8.1472199e+118
8.1472223e+118
8.1472112e+118
8.1472024e+118
8.1472017e+118
8.1472014e+118
6.6505036e+118
6.6505042e+118
6.6505094e+118
6.6505168e+118
6.6505295e+118
6.6505309e+118
6.6505243e+118
6.650529e+118
6.6505276e+118
6.6505272e+118
6.6505288e+118
6.6505367e+118
6.6505445e+118
6.6505453e+118
6.6505477e+118
6.6505431e+118
6.6505266e+118
6.650516e+118
6.6505073e+118
6.6505078e+118
6.6505052e+118
6.6505104e+118
6.6505043e+118
6.6505148e+118
6.6505171e+118
6.6505148e+118
6.6505153e+118
6.6505258e+118
6.6505273e+118
6.6505295e+118
6.6505299e+118
6.6505349e+118
6.6505496e+118
6.650545e+118
6.6505486e+118
6.6505435e+118
6.6505298e+118
6.6505289e+118
6.6505233e+118
6.6505261e+118
6.6505263e+118
6.6505193e+118
6.6505191e+118
6.6505139e+118
6.6505133e+118
6.6505035e+118
6.6504928e+118
6.6504896e+118
6.6504963e+118
6.650506e+118
5.4287774e+118
5.4287734e+118
5.4287769e+118
5.4287783e+118
5.4287802e+118
5.4287859e+118
5.4287851e+118
5.4287855e+118
5.4287899e+118
5.4287883e+118
5.4287922e+118
5.4287872e+118
5.4287924e+118
5.4287874e+118
5.428783e+118
5.4287816e+118
5.4287805e+118
5.4287771e+118
5.4287766e+118
5.4287709e+118
5.428772e+118
5.4287697e+118
5.4287667e+118
5.4287745e+118
5.4287839e+118
5.4287842e+118
5.4287827e+118
5.4287812e+118
5.4287748e+118
5.4287707e+118
5.4287786e+118
5.4287844e+118
5.4287909e+118
5.4287937e+118
5.4287937e+118
5.4287966e+118
5.4287965e+118
5.4287919e+118
5.428788e+118
5.4287978e+118
5.4287997e+118
5.4287873e+118
5.4287783e+118
5.4287767e+118
5.4287735e+118
5.4287663e+118
5.4287735e+118
5.4287857e+118
5.4287968e+118
5.4288022e+118
4.4314731e+118
4.4314721e+118
4.4314725e+118
4.4314711e+118
4.4314634e+118
4.4314581e+118
4.4314576e+118
4.4314578e+118
4.4314662e+118
4.4314746e+118
4.4314781e+118
4.431473e+118
4.4314662e+118
4.4314596e+118
4.4314539e+118
4.4314574e+118
4.4314687e+118
4.4314758e+118
4.4314834e+118
4.4314801e+118
4.4314838e+118
4.431482e+118
4.4314892e+118
4.4314894e+118
4.4314957e+118
4.4315011e+118
4.4314989e+118
4.4314914e+118
4.431491e+118
4.4314875e+118
4.4314961e+118
4.4314981e+118
4.431496e+118
4.431496e+118
4.431493e+118
4.4314982e+118
4.4315009e+118
4.4314972e+118
4.4314962e+118
4.431497e+118
4.4315026e+118
4.4314982e+118
4.4314917e+118
4.4314885e+118
4.4314845e+118
4.4314819e+118
4.4314893e+118
4.4315021e+118
4.431503e+118
4.4315002e+118
3.6173837e+118
3.6173847e+118
3.6173836e+118
3.6173854e+118
3.6173804e+118
3.6173767e+118
3.6173758e+118
3.6173759e+118
3.6173718e+118
3.6173695e+118
3.6173661e+118
3.6173665e+118
3.6173638e+118
3.6173671e+118
3.6173695e+118
3.617374e+118
3.6173804e+118
3.6173899e+118
3.6173915e+118
3.6173946e+118
3.6174e+118
3.6174053e+118
3.6174088e+118
3.6174111e+118
3.6174125e+118
3.6174158e+118
3.6174119e+118
3.6174091e+118
3.6174141e+118
3.6174094e+118
3.6174076e+118
3.617408e+118
3.6174062e+118
3.617406e+118
3.617405e+118
3.6174026e+118
3.6174008e+118
3.6174009e+118
3.6173972e+118
3.6173953e+118
3.6173987e+118
3.6174029e+118
3.6174084e+118
3.6174077e+118
3.6174112e+118
3.6174106e+118
3.6174106e+118
3.6174127e+118
3.6174053e+118
3.617401e+118
2.9528496e+118
2.9528502e+118
2.952848e+118
2.9528504e+118
2.9528491e+118
2.9528532e+118
2.9528558e+118
2.9528546e+118
2.9528472e+118
2.9528403e+118
2.9528381e+118
2.9528378e+118
2.9528401e+118
2.9528453e+118
2.9528519e+118
2.9528551e+118
2.9528546e+118
2.9528585e+118
2.9528548e+118
2.9528587e+118
2.9528612e+118
2.9528653e+118
2.9528642e+118
2.9528669e+118
2.9528683e+118
2.9528696e+118
2.9528667e+118
2.9528696e+118
2.9528727e+118
2.9528746e+118
2.9528701e+118
2.9528698e+118
2.9528675e+118
2.9528683e+118
2.9528701e+118
2.9528664e+118
2.9528658e+118
2.9528673e+118
2.9528644e+118
2.9528635e+118
2.9528624e+118
2.9528659e+118
2.9528682e+118
2.9528697e+118
2.9528749e+118
2.9528798e+118
2.9528816e+118
2.9528787e+118
2.9528789e+118
2.9528788e+118
2.4103851e+118
2.4103848e+118
2.4103865e+118
2.4103869e+118
2.4103878e+118
2.4103912e+118
2.4103934e+118
2.4103964e+118
2.410396e+118
2.4103977e+118
2.4104e+118
2.4103971e+118
2.4103986e+118
2.4103998e+118
2.4104022e+118
2.4104055e+118
2.4104036e+118
2.4104004e+118
2.4103992e+118
2.4103981e+118
2.4103997e+118
2.4104003e+118
2.4104016e+118
2.4104004e+118
2.4103991e+118
2.4103989e+118
2.4104017e+118
2.4104036e+118
2.4104041e+118
2.4104088e+118
2.410408e+118
2.410408e+118
2.4104081e+118
2.41041e+118
2.4104092e+118
2.4104097e+118
2.4104108e+118
2.4104123e+118
2.4104141e+118
2.4104153e+118
2.4104147e+118
2.4104149e+118
2.4104113e+118
2.4104128e+118
2.4104136e+118
2.4104181e+118
2.4104193e+118
2.4104202e+118
2.4104262e+118
2.4104284e+118
1.9675865e+118
1.9675861e+118
1.9675877e+118
1.9675835e+118
1.9675834e+118
1.9675845e+118
1.9675856e+118
1.9675885e+118
1.9675926e+118
1.9675954e+118
1.9675958e+118
1.9675965e+118
1.967599e+118
1.9675994e+118
1.9675998e+118
1.9676001e+118
1.9676021e+118
1.9675992e+118
1.967601e+118
1.967598e+118
1.9675987e+118
1.9675978e+118
1.9675998e+118
1.9675972e+118
1.967595e+118
1.9675944e+118
1.9675987e+118
1.9675977e+118
1.9675978e+118
1.9675974e+118
1.9675967e+118
1.9675974e+118
1.9675996e+118
1.9675985e+118
1.9675976e+118
1.9675992e+118
1.9675991e+118
1.9676007e+118
1.9676045e+118
1.9676054e+118
1.9676062e+118
1.9676088e+118
1.9676121e+118
1.9676146e+118
1.9676141e+118
1.9676137e+118
1.9676102e+118
1.9676088e+118
1.9676095e+118
1.9676098e+118
1.6061351e+118
1.6061343e+118
1.6061347e+118
1.6061325e+118
1.6061333e+118
1.6061335e+118
1.6061323e+118
1.6061326e+118
1.6061346e+118
1.6061335e+118
1.6061328e+118
1.6061355e+118
1.6061386e+118
1.6061427e+118
1.6061438e+118
1.6061409e+118
1.6061423e+118
1.6061455e+118
1.6061489e+118
1.6061497e+118
1.606148e+118
1.6061455e+118
1.6061447e+118
1.606145e+118
1.6061443e+118
1.6061453e+118
1.6061465e+118
1.6061454e+118
1.606146e+118
1.6061448e+118
1.6061432e+118
1.6061427e+118
1.6061432e+118
1.6061407e+118
1.6061418e+118
1.6061417e+118
1.6061424e+118
1.6061433e+118
1.6061436e+118
1.6061429e+118
1.6061445e+118
1.6061455e+118
1.6061488e+118
1.6061491e+118
1.6061495e+118
1.6061514e+118
1.6061506e+118
1.6061483e+118
1.6061447e+118
1.6061445e+118
1.3110835e+118
1.311083e+118
1.3110842e+118
1.3110874e+118
1.3110885e+118
1.3110869e+118
1.3110842e+118
1.3110835e+118
1.3110826e+118
1.3110817e+118
1.3110815e+118
1.3110827e+118
1.3110833e+118
1.3110856e+118
1.3110851e+118
1.3110846e+118
1.3110838e+118
1.3110866e+118
1.3110871e+118
1.3110888e+118
1.3110886e+118
1.3110895e+118
1.3110888e+118
1.3110914e+118
1.3110917e+118
1.3110913e+118
1.3110889e+118
1.3110879e+118
1.3110878e+118
1.3110886e+118
1.3110892e+118
1.3110889e+118
1.3110888e+118
1.3110906e+118
1.3110926e+118
1.3110921e+118
1.3110931e+118
1.3110932e+118
1.3110924e+118
1.3110926e+118
1.3110926e+118
1.3110908e+118
1.3110892e+118
1.3110883e+118
1.3110881e+118
1.3110908e+118
1.311091e+118
1.311092e+118
1.3110912e+118
1.3110929e+118
1.0702357e+118
1.0702363e+118
1.0702363e+118
1.0702384e+118
1.0702379e+118
1.0702359e+118
1.0702349e+118
1.070234e+118
1.0702334e+118
1.0702348e+118
1.0702359e+118
1.0702358e+118
1.0702344e+118
1.0702326e+118
1.0702322e+118
1.0702336e+118
1.0702331e+118
1.0702317e+118
1.0702303e+118
1.0702307e+118
1.0702324e+118
1.070235e+118
1.0702356e+118
1.0702358e+118
1.0702363e+118
1.0702343e+118
1.0702324e+118
1.0702329e+118
1.0702318e+118
1.070232e+118
1.0702334e+118
1.0702336e+118
1.0702347e+118
1.0702373e+118
1.0702382e+118
1.0702386e+118
1.0702382e+118
1.0702386e+118
1.070239e+118
1.0702386e+118
1.0702366e+118
1.0702362e+118
1.0702343e+118
1.0702344e+118
1.0702344e+118
1.0702349e+118
1.0702336e+118
1.0702336e+118
1.0702349e+118
1.0702362e+118
8.7362661e+117
8.7362731e+117
8.7362632e+117
8.7362553e+117
8.7362501e+117
8.73625e+117
8.7362558e+117
8.7362527e+117
8.7362544e+117
8.7362612e+117
8.7362812e+117
8.7362761e+117
8.7362699e+117
8.7362593e+117
8.7362524e+117
8.736252e+117
8.7362598e+117
8.7362531e+117
8.736252e+117
8.7362582e+117
8.7362601e+117
8.7362667e+117
8.7362769e+117
8.7362683e+117
8.7362688e+117
8.7362672e+117
8.7362704e+117
8.736272e+117
8.7362537e+117
8.7362462e+117
8.7362417e+117
8.7362434e+117
8.7362483e+117
8.7362459e+117
8.7362444e+117
8.7362497e+117
8.7362424e+117
8.7362425e+117
8.7362466e+117
8.7362416e+117
8.7362336e+117
8.7362314e+117
8.7362308e+117
8.7362379e+117
8.736243e+117
8.7362446e+117
8.7362469e+117
8.7362484e+117
8.7362514e+117
8.7362509e+117
7.1313437e+117
7.1313402e+117
7.1313333e+117
7.1313257e+117
7.1313254e+117
7.1313337e+117
7.1313374e+117
7.13134e+117
7.1313424e+117
7.1313352e+117
7.1313446e+117
7.1313526e+117
7.1313626e+117
7.1313678e+117
7.1313653e+117
7.1313571e+117
7.1313637e+117
7.131366e+117
7.1313694e+117
7.1313819e+117
7.1313798e+117
7.1313705e+117
7.1313726e+117
7.1313759e+117
7.1313722e+117
7.1313771e+117
7.1313796e+117
7.1313682e+117
7.1313626e+117
7.1313583e+117
7.13135e+117
7.1313516e+117
7.1313439e+117
7.1313319e+117
7.1313237e+117
7.1313304e+117
7.1313344e+117
7.1313298e+117
7.1313336e+117
7.1313356e+117
7.131343e+117
7.1313498e+117
7.1313596e+117
7.1313579e+117
7.1313617e+117
7.131359e+117
7.131369e+117
7.1313764e+117
7.1313716e+117
7.1313736e+117
5.8212803e+117
5.8212729e+117
5.8212717e+117
5.8212703e+117
5.8212697e+117
5.821272e+117
5.8212707e+117
5.8212715e+117
5.8212777e+117
5.8212797e+117
5.8212767e+117
5.8212863e+117
5.821293e+117
5.8212913e+117
5.8212975e+117
5.8212957e+117
5.8212907e+117
5.8212906e+117
5.8212942e+117
5.8212987e+117
5.8213055e+117
5.8212955e+117
5.8212917e+117
5.8212972e+117
5.8212952e+117
5.8212907e+117
5.8212914e+117
5.8212929e+117
5.8213071e+117
5.8213094e+117
5.8213014e+117
5.8212972e+117
5.8212856e+117
5.8212815e+117
5.8212711e+117
5.8212712e+117
5.8212778e+117
5.8212827e+117
5.8212908e+117
5.8212975e+117
5.8213075e+117
5.8213211e+117
5.821326e+117
5.8213226e+117
5.8213255e+117
5.8213189e+117
5.8213156e+117
5.8213139e+117
5.821312e+117
5.8213121e+117
4.7518765e+117
4.751879e+117
4.7518828e+117
4.7518839e+117
4.7518793e+117
4.7518724e+117
4.7518719e+117
4.7518713e+117
4.7518781e+117
4.7518851e+117
4.7518797e+117
4.7518817e+117
4.7518797e+117
4.7518775e+117
4.7518769e+117
4.7518781e+117
4.751879e+117
4.7518816e+117
4.7518849e+117
4.7518771e+117
4.7518797e+117
4.7518802e+117
4.7518823e+117
4.7518842e+117
4.7518892e+117
4.7518857e+117
4.7518848e+117
4.7518901e+117
4.7519007e+117
4.7519057e+117
4.7519033e+117
4.7518973e+117
4.7518931e+117
4.7518951e+117
4.7518936e+117
4.7518926e+117
4.7519013e+117
4.7519105e+117
4.7519145e+117
4.7519202e+117
4.7519161e+117
4.751917e+117
4.7519198e+117
4.7519264e+117
4.7519265e+117
4.7519255e+117
4.7519179e+117
4.7519136e+117
4.7519153e+117
4.751907e+117
3.8789263e+117
3.8789314e+117
3.8789308e+117
3.8789298e+117
3.8789215e+117
3.8789159e+117
3.878918e+117
3.8789205e+117
3.8789253e+117
3.8789265e+117
3.8789242e+117
3.8789222e+117
3.87892e+117
3.8789229e+117
3.8789248e+117
3.8789297e+117
3.8789384e+117
3.878941e+117
3.8789405e+117
3.8789361e+117
3.8789349e+117
3.8789421e+117
3.8789449e+117
3.8789405e+117
3.878942e+117
3.8789431e+117
3.8789428e+117
3.8789441e+117
3.878942e+117
3.8789438e+117
3.8789491e+117
3.8789486e+117
3.8789517e+117
3.8789535e+117
3.8789586e+117
3.8789691e+117
3.8789751e+117
3.8789773e+117
3.8789763e+117
3.8789755e+117
3.878968e+117
3.878965e+117
3.8789678e+117
3.8789739e+117
3.8789697e+117
3.8789668e+117
3.8789655e+117
3.8789655e+117
3.8789654e+117
3.8789596e+117
3.1663528e+117
3.1663534e+117
3.1663494e+117
3.1663486e+117
3.1663474e+117
3.1663514e+117
3.1663514e+117
3.166354e+117
3.1663526e+117
3.1663501e+117
3.1663484e+117
3.1663452e+117
3.1663451e+117
3.1663486e+117
3.1663553e+117
3.1663595e+117
3.1663637e+117
3.1663659e+117
3.1663643e+117
3.1663649e+117
3.1663622e+117
3.1663658e+117
3.1663636e+117
3.1663557e+117
3.1663535e+117
3.1663542e+117
3.1663563e+117
3.1663586e+117
3.1663542e+117
3.1663532e+117
3.1663571e+117
3.1663621e+117
3.1663645e+117
3.1663682e+117
3.1663729e+117
3.1663816e+117
3.1663788e+117
3.1663731e+117
3.1663739e+117
3.1663744e+117
3.1663807e+117
3.1663769e+117
3.1663773e+117
3.1663778e+117
3.1663766e+117
3.166372e+117
3.1663742e+117
3.1663755e+117
3.1663742e+117
3.1663748e+117
2.5846783e+117
2.5846768e+117
2.5846772e+117
2.5846796e+117
2.5846827e+117
2.5846881e+117
2.5846858e+117
2.584687e+117
2.5846821e+117
2.5846793e+117
2.5846766e+117
2.5846789e+117
2.5846818e+117
2.5846842e+117
2.5846856e+117
2.5846838e+117
2.5846803e+117
2.5846788e+117
2.5846776e+117
2.5846766e+117
2.584674e+117
2.5846708e+117
2.584669e+117
2.5846678e+117
2.5846702e+117
2.5846698e+117
2.5846705e+117
2.5846715e+117
2.5846732e+117
2.5846737e+117
2.5846762e+117
2.5846778e+117
2.5846794e+117
2.5846827e+117
2.5846893e+117
2.5846907e+117
2.5846895e+117
2.5846855e+117
2.5846874e+117
2.5846891e+117
2.5846935e+117
2.5846909e+117
2.5846881e+117
2.5846858e+117
2.5846868e+117
2.5846865e+117
2.5846863e+117
2.5846821e+117
2.5846823e+117
2.5846824e+117
2.1098578e+117
2.1098562e+117
2.1098574e+117
2.1098567e+117
2.1098578e+117
2.1098584e+117
2.1098589e+117
2.109857e+117
2.1098539e+117
2.1098529e+117
2.1098535e+117
2.1098567e+117
2.1098594e+117
2.1098577e+117
2.1098549e+117
2.1098523e+117
2.1098491e+117
2.1098491e+117
2.1098481e+117
2.1098487e+117
2.1098507e+117
2.1098497e+117
2.109849e+117
2.109851e+117
2.1098548e+117
2.1098543e+117
2.1098535e+117
2.1098545e+117
2.1098592e+117
2.10986e+117
2.1098614e+117
2.1098596e+117
2.109858e+117
2.1098573e+117
2.1098611e+117
2.1098622e+117
2.109865e+117
2.1098668e+117
2.1098666e+117
2.1098669e+117
2.1098656e+117
2.1098672e+117
2.109865e+117
2.1098635e+117
2.1098621e+117
2.1098627e+117
2.1098616e+117
2.1098575e+117
2.109858e+117
2.1098583e+117
1.7222672e+117
1.7222675e+117
1.7222665e+117
1.7222632e+117
1.7222622e+117
1.7222605e+117
1.7222622e+117
1.7222596e+117
1.7222591e+117
1.7222597e+117
1.7222633e+117
1.7222623e+117
1.7222616e+117
1.7222595e+117
1.7222575e+117
1.7222585e+117
1.7222589e+117
1.7222626e+117
1.7222639e+117
1.722266e+117
1.7222692e+117
1.7222708e+117
1.7222698e+117
1.722271e+117
1.7222694e+117
1.7222686e+117
1.7222699e+117
1.7222711e+117
1.7222719e+117
1.7222709e+117
1.7222709e+117
1.7222706e+117
1.7222687e+117
1.7222674e+117
1.7222654e+117
1.7222662e+117
1.7222672e+117
1.7222671e+117
1.7222649e+117
1.722265e+117
1.722265e+117
1.7222674e+117
1.722269e+117
1.7222709e+117
1.7222704e+117
1.72227e+117
1.7222712e+117
1.7222749e+117
1.7222762e+117
1.722278e+117
1.4058786e+117
1.4058796e+117
1.4058788e+117
1.4058791e+117
1.4058788e+117
1.4058772e+117
1.4058756e+117
1.4058754e+117
1.4058751e+117
1.405876e+117
1.4058764e+117
1.4058749e+117
1.4058739e+117
1.4058746e+117
1.4058737e+117
1.4058759e+117
1.4058765e+117
1.4058772e+117
1.4058798e+117
1.4058814e+117
1.4058812e+117
1.4058813e+117
1.4058836e+117
1.4058849e+117
1.4058821e+117
1.405882e+117
1.4058844e+117
1.4058834e+117
1.4058801e+117
1.4058796e+117
1.4058797e+117
1.4058808e+117
1.405883e+117
1.405883e+117
1.4058788e+117
1.4058768e+117
1.4058774e+117
1.4058763e+117
1.4058752e+117
1.4058755e+117
1.4058756e+117
1.4058775e+117
1.4058797e+117
1.4058815e+117
1.4058831e+117
1.405884e+117
1.4058866e+117
1.4058908e+117
1.4058917e+117
1.4058932e+117
1.1476098e+117
1.1476096e+117
1.1476105e+117
1.1476127e+117
1.147615e+117
1.147615e+117
1.1476129e+117
1.1476135e+117
1.1476125e+117
1.1476131e+117
1.1476114e+117
1.1476115e+117
1.1476115e+117
1.1476132e+117
1.1476132e+117
1.1476134e+117
1.1476138e+117
1.1476127e+117
1.1476137e+117
1.1476139e+117
1.1476122e+117
1.147612e+117
1.1476131e+117
1.1476131e+117
1.1476133e+117
1.1476145e+117
1.1476143e+117
1.1476144e+117
1.1476132e+117
1.147613e+117
1.1476133e+117
1.1476137e+117
1.1476161e+117
1.1476169e+117
1.1476139e+117
1.1476116e+117
1.1476115e+117
1.1476132e+117
1.1476136e+117
1.1476131e+117
1.1476132e+117
1.1476146e+117
1.1476158e+117
1.1476151e+117
1.1476156e+117
1.1476169e+117
1.1476187e+117
1.1476197e+117
1.1476198e+117
1.1476215e+117
9.3678698e+116
9.3678664e+116
9.3678797e+116
9.3678826e+116
9.3678964e+116
9.3679073e+116
9.3678983e+116
9.3678995e+116
9.3678963e+116
9.3678972e+116
9.3678991e+116
9.3679067e+116
9.3679146e+116
9.3679317e+116
9.3679474e+116
9.3679474e+116
9.3679512e+116
9.3679545e+116
9.3679509e+116
9.36794e+116
9.3679363e+116
9.3679296e+116
9.3679157e+116
9.3679163e+116
9.3679317e+116
9.3679406e+116
9.3679236e+116
9.3679305e+116
9.3679475e+116
9.3679527e+116
9.3679562e+116
9.3679561e+116
9.3679537e+116
9.3679519e+116
9.3679602e+116
9.3679577e+116
9.3679416e+116
9.3679584e+116
9.3679639e+116
9.3679578e+116
9.3679581e+116
9.3679534e+116
9.3679444e+116
9.3679336e+116
9.3679236e+116
9.367918e+116
9.3679137e+116
9.3679097e+116
9.3679107e+116
9.3679119e+116
7.6469503e+116
7.6469551e+116
7.6469534e+116
7.6469517e+116
7.646952e+116
7.6469529e+116
7.6469571e+116
7.6469567e+116
7.6469591e+116
7.6469569e+116
7.6469698e+116
7.6469734e+116
7.646986e+116
7.6469983e+116
7.6470177e+116
7.6470177e+116
7.6470182e+116
7.6470162e+116
7.6470169e+116
7.6470079e+116
7.6470026e+116
7.6469807e+116
7.6469823e+116
7.6469938e+116
7.647005e+116
7.647e+116
7.6469966e+116
7.6469917e+116
7.6469984e+116
7.6470188e+116
7.6470224e+116
7.6470312e+116
7.6470257e+116
7.6470257e+116
7.6470471e+116
7.6470456e+116
7.6470397e+116
7.6470424e+116
7.647043e+116
7.6470487e+116
7.6470465e+116
7.6470304e+116
7.6470067e+116
7.6469989e+116
7.6469893e+116
7.6469799e+116
7.6469686e+116
7.6469646e+116
7.6469704e+116
7.6469595e+116
6.2421842e+116
6.2421879e+116
6.2421759e+116
6.2421775e+116
6.2421759e+116
6.2421766e+116
6.2421893e+116
6.2421906e+116
6.2421892e+116
6.2421894e+116
6.2421907e+116
6.2421938e+116
6.2422039e+116
6.2422044e+116
6.2422159e+116
6.242211e+116
6.2422099e+116
6.2421958e+116
6.2421906e+116
6.2421863e+116
6.2421793e+116
6.2421678e+116
6.2421765e+116
6.2421858e+116
6.2421837e+116
6.2421791e+116
6.2421815e+116
6.2421799e+116
6.2421806e+116
6.2421888e+116
6.242195e+116
6.2422019e+116
6.2422053e+116
6.2422102e+116
6.2422128e+116
6.2422109e+116
6.242217e+116
6.242216e+116
6.2422147e+116
6.2422177e+116
6.2422149e+116
6.2422085e+116
6.2422027e+116
6.2421932e+116
6.2421849e+116
6.2421884e+116
6.2421829e+116
6.2421818e+116
6.2421862e+116
6.2421896e+116
5.0954753e+116
5.0954744e+116
5.0954707e+116
5.0954666e+116
5.0954601e+116
5.0954669e+116
5.0954735e+116
5.0954797e+116
5.09548e+116
5.095485e+116
5.0954767e+116
5.0954776e+116
5.0954728e+116
5.0954676e+116
5.0954677e+116
5.0954668e+116
5.0954651e+116
5.0954603e+116
5.0954566e+116
5.0954602e+116
5.095463e+116
5.09547e+116
5.0954703e+116
5.0954628e+116
5.0954565e+116
5.0954575e+116
5.0954588e+116
5.0954623e+116
5.0954662e+116
5.0954609e+116
5.0954665e+116
5.0954632e+116
5.0954648e+116
5.0954623e+116
5.0954569e+116
5.0954603e+116
5.0954636e+116
5.0954637e+116
5.0954672e+116
5.0954679e+116
5.0954672e+116
5.0954643e+116
5.0954709e+116
5.0954638e+116
5.0954656e+116
5.0954733e+116
5.0954735e+116
5.0954757e+116
5.0954799e+116
5.0954884e+116
4.1593976e+116
4.1593982e+116
4.1594015e+116
4.1593963e+116
4.1593933e+116
4.1593951e+116
4.1593964e+116
4.159398e+116
4.1594037e+116
4.1594095e+116
4.1594097e+116
4.1594095e+116
4.1594003e+116
4.1593971e+116
4.1593901e+116
4.1593888e+116
4.1593877e+116
4.1593925e+116
4.1593984e+116
4.1594061e+116
4.1594121e+116
4.1594204e+116
4.1594147e+116
4.1594022e+116
4.1593981e+116
4.1593972e+116
4.1594016e+116
4.159405e+116
4.1594035e+116
4.1594004e+116
4.1594028e+116
4.1594002e+116
4.1593981e+116
4.159398e+116
4.1594008e+116
4.1594021e+116
4.1593992e+116
4.1594003e+116
4.1594031e+116
4.1594028e+116
4.1594004e+116
4.1594006e+116
4.1593988e+116
4.1594e+116
4.1594081e+116
4.1594076e+116
4.1594165e+116
4.1594254e+116
4.1594309e+116
4.1594308e+116
3.3952804e+116
3.3952817e+116
3.3952834e+116
3.3952844e+116
3.3952858e+116
3.3952817e+116
3.3952807e+116
3.3952769e+116
3.3952793e+116
3.3952783e+116
3.3952807e+116
3.3952772e+116
3.39528e+116
3.39528e+116
3.3952801e+116
3.3952804e+116
3.3952789e+116
3.3952812e+116
3.3952833e+116
3.3952873e+116
3.395292e+116
3.3952971e+116
3.3952983e+116
3.3953014e+116
3.3952996e+116
3.3952942e+116
3.3952962e+116
3.3953005e+116
3.3952997e+116
3.3952995e+116
3.3952965e+116
3.3952984e+116
3.3952993e+116
3.3953046e+116
3.3953097e+116
3.3953086e+116
3.3953087e+116
3.3953113e+116
3.3953125e+116
3.3953064e+116
3.3953029e+116
3.3953056e+116
3.3952999e+116
3.3953038e+116
3.3953041e+116
3.3953043e+116
3.3953112e+116
3.3953189e+116
3.3953174e+116
3.3953179e+116
2.7715532e+116
2.7715507e+116
2.7715487e+116
2.771551e+116
2.7715511e+116
2.7715484e+116
2.7715485e+116
2.771548e+116
2.7715436e+116
2.7715379e+116
2.771536e+116
2.7715311e+116
2.7715338e+116
2.7715369e+116
2.7715427e+116
2.7715477e+116
2.7715493e+116
2.7715528e+116
2.7715514e+116
2.7715519e+116
2.7715518e+116
2.7715545e+116
2.7715607e+116
2.7715687e+116
2.7715702e+116
2.771567e+116
2.7715653e+116
2.7715693e+116
2.7715737e+116
2.7715763e+116
2.7715737e+116
2.7715746e+116
2.7715778e+116
2.7715801e+116
2.77158e+116
2.7715771e+116
2.7715795e+116
2.7715789e+116
2.7715798e+116
2.7715746e+116
2.7715762e+116
2.7715769e+116
2.7715767e+116
2.7715767e+116
2.7715733e+116
2.7715768e+116
2.7715762e+116
2.7715777e+116
2.7715747e+116
2.7715769e+116
2.262415e+116
2.2624124e+116
2.2624106e+116
2.2624082e+116
2.2624065e+116
2.2624072e+116
2.2624072e+116
2.2624071e+116
2.2624026e+116
2.2623987e+116
2.2624004e+116
2.2624015e+116
2.2624004e+116
2.2624027e+116
2.2624053e+116
2.2624076e+116
2.2624131e+116
2.2624183e+116
2.2624175e+116
2.2624169e+116
2.2624148e+116
2.2624163e+116
2.2624184e+116
2.2624179e+116
2.2624185e+116
2.262421e+116
2.2624205e+116
2.2624188e+116
2.2624195e+116
2.2624217e+116
2.2624242e+116
2.2624232e+116
2.262423e+116
2.2624215e+116
2.2624196e+116
2.2624194e+116
2.2624201e+116
2.2624196e+116
2.2624194e+116
2.2624193e+116
2.2624194e+116
2.2624197e+116
2.2624213e+116
2.2624187e+116
2.2624185e+116
2.2624192e+116
2.2624191e+116
2.2624178e+116
2.2624177e+116
2.262416e+116
1.8467929e+116
1.8467936e+116
1.8467957e+116
1.8467933e+116
1.8467926e+116
1.8467944e+116
1.8467915e+116
1.8467911e+116
1.8467924e+116
1.8467924e+116
1.8467974e+116
1.8468024e+116
1.8468035e+116
1.846803e+116
1.8468024e+116
1.8468022e+116
1.8468041e+116
1.8468027e+116
1.8468013e+116
1.8468004e+116
1.8468016e+116
1.8468028e+116
1.8468024e+116
1.8468007e+116
1.8467995e+116
1.8468033e+116
1.846804e+116
1.8468014e+116
1.8467981e+116
1.8467969e+116
1.8467983e+116
1.8467991e+116
1.8467967e+116
1.8467959e+116
1.8467961e+116
1.8467993e+116
1.8467993e+116
1.8467996e+116
1.8467986e+116
1.8468004e+116
1.8467984e+116
1.8467985e+116
1.8467984e+116
1.8467979e+116
1.8468002e+116
1.8468001e+116
1.8468012e+116
1.8468024e+116
1.846803e+116
1.8468022e+116
1.5075208e+116
1.5075218e+116
1.5075243e+116
1.5075263e+116
1.5075269e+116
1.5075265e+116
1.507525e+116
1.5075263e+116
1.5075297e+116
1.507533e+116
1.5075359e+116
1.5075389e+116
1.5075389e+116
1.5075385e+116
1.5075367e+116
1.5075375e+116
1.5075372e+116
1.5075327e+116
1.5075308e+116
1.5075301e+116
1.5075323e+116
1.5075329e+116
1.5075307e+116
1.5075326e+116
1.5075329e+116
1.5075342e+116
1.507535e+116
1.5075367e+116
1.5075374e+116
1.5075368e+116
1.5075345e+116
1.507535e+116
1.5075321e+116
1.5075317e+116
1.507533e+116
1.5075341e+116
1.5075325e+116
1.5075317e+116
1.5075314e+116
1.5075319e+116
1.5075317e+116
1.5075327e+116
1.5075325e+116
1.5075339e+116
1.5075349e+116
1.5075363e+116
1.5075361e+116
1.5075378e+116
1.5075378e+116
1.5075396e+116
1.2305892e+116
1.2305887e+116
1.2305882e+116
1.2305907e+116
1.2305918e+116
1.2305907e+116
1.2305916e+116
1.2305926e+116
1.2305941e+116
1.2305966e+116
1.2305952e+116
1.2305943e+116
1.2305938e+116
1.2305948e+116
1.2305935e+116
1.2305926e+116
1.2305926e+116
1.2305911e+116
1.2305908e+116
1.2305893e+116
1.2305883e+116
1.2305879e+116
1.2305861e+116
1.2305875e+116
1.2305898e+116
1.2305898e+116
1.2305899e+116
1.2305907e+116
1.2305942e+116
1.2305962e+116
1.2305952e+116
1.2305953e+116
1.2305952e+116
1.2305956e+116
1.2305951e+116
1.2305931e+116
1.2305931e+116
1.2305943e+116
1.2305957e+116
1.2305955e+116
1.2305961e+116
1.2305966e+116
1.2305954e+116
1.2305959e+116
1.2305949e+116
1.2305942e+116
1.230593e+116
1.2305921e+116
1.2305907e+116
1.2305902e+116
1.0045297e+116
1.0045283e+116
1.0045263e+116
1.0045266e+116
1.0045276e+116
1.0045293e+116
1.0045307e+116
1.0045308e+116
1.0045309e+116
1.0045309e+116
1.0045287e+116
1.0045276e+116
1.004527e+116
1.0045274e+116
1.0045281e+116
1.004527e+116
1.0045259e+116
1.004527e+116
1.0045282e+116
1.0045273e+116
1.0045244e+116
1.004523e+116
1.004523e+116
1.0045228e+116
1.0045248e+116
1.004526e+116
1.0045259e+116
1.0045248e+116
1.0045263e+116
1.0045277e+116
1.0045295e+116
1.0045301e+116
1.0045326e+116
1.004533e+116
1.0045315e+116
1.0045308e+116
1.0045313e+116
1.0045327e+116
1.004535e+116
1.0045355e+116
1.0045361e+116
1.0045347e+116
1.0045342e+116
1.0045334e+116
1.0045317e+116
1.004529e+116
1.0045277e+116
1.0045264e+116
1.0045249e+116
1.0045239e+116
8.199933e+115
8.1999289e+115
8.1999189e+115
8.1999192e+115
8.1999177e+115
8.1999283e+115
8.199929e+115
8.1999296e+115
8.199922e+115
8.1999136e+115
8.1999111e+115
8.1999175e+115
8.199907e+115
8.199901e+115
8.1999045e+115
8.1999117e+115
8.1999091e+115
8.1999195e+115
8.199927e+115
8.1999346e+115
8.1999264e+115
8.1999183e+115
8.1999289e+115
8.1999294e+115
8.1999302e+115
8.1999347e+115
8.1999443e+115
8.1999464e+115
8.1999433e+115
8.1999464e+115
8.1999585e+115
8.1999568e+115
8.1999563e+115
8.1999568e+115
8.1999527e+115
8.1999591e+115
8.1999499e+115
8.1999478e+115
8.199951e+115
8.1999551e+115
8.1999653e+115
8.1999605e+115
8.1999689e+115
8.1999569e+115
8.1999469e+115
8.1999377e+115
8.199933e+115
8.1999303e+115
8.1999295e+115
8.1999387e+115
6.6935858e+115
6.6935909e+115
6.6935995e+115
6.6936035e+115
6.6935968e+115
6.6935836e+115
6.6935701e+115
6.6935671e+115
6.6935586e+115
6.6935553e+115
6.6935559e+115
6.6935615e+115
6.6935706e+115
6.6935676e+115
6.693567e+115
6.6935685e+115
6.6935719e+115
6.6935737e+115
6.6935755e+115
6.6935849e+115
6.6936037e+115
6.6936112e+115
6.6936276e+115
6.6936291e+115
6.6936158e+115
6.6936002e+115
6.6935996e+115
6.693608e+115
6.6936003e+115
6.6935999e+115
6.6936009e+115
6.6936052e+115
6.693594e+115
6.6935958e+115
6.6936038e+115
6.6936045e+115
6.6936099e+115
6.6936082e+115
6.6935989e+115
6.6935972e+115
6.6936073e+115
6.6936131e+115
6.6936106e+115
6.6936051e+115
6.6936024e+115
6.6936019e+115
6.6936069e+115
6.6936026e+115
6.693603e+115
6.6936076e+115
5.4639878e+115
5.4639919e+115
5.4640024e+115
5.4639994e+115
5.4640028e+115
5.4639965e+115
5.4639946e+115
5.4639886e+115
5.463984e+115
5.4639805e+115
5.4639788e+115
5.4639783e+115
5.4639817e+115
5.4639856e+115
5.4639937e+115
5.4639925e+115
5.4639967e+115
5.4640051e+115
5.4640031e+115
5.4640075e+115
5.4640181e+115
5.4640287e+115
5.4640375e+115
5.4640368e+115
5.4640206e+115
5.4640112e+115
5.4639994e+115
5.463997e+115
5.4639982e+115
5.4639941e+115
5.4639962e+115
5.4640033e+115
5.4640082e+115
5.4640125e+115
5.4640226e+115
5.464027e+115
5.4640407e+115
5.4640399e+115
5.4640315e+115
5.4640322e+115
5.4640278e+115
5.4640295e+115
5.464025e+115
5.4640273e+115
5.4640321e+115
5.4640295e+115
5.4640285e+115
5.4640254e+115
5.4640255e+115
5.4640172e+115
4.4603015e+115
4.460307e+115
4.4603063e+115
4.460305e+115
4.4603122e+115
4.4603169e+115
4.4603242e+115
4.4603211e+115
4.4603196e+115
4.4603186e+115
4.4603234e+115
4.4603216e+115
4.4603136e+115
4.4603137e+115
4.4603146e+115
4.4603153e+115
4.4603252e+115
4.4603361e+115
4.4603378e+115
4.4603363e+115
4.46033e+115
4.4603284e+115
4.4603252e+115
4.4603217e+115
4.4603206e+115
4.4603261e+115
4.4603217e+115
4.4603148e+115
4.4603183e+115
4.4603187e+115
4.4603241e+115
4.4603229e+115
4.4603319e+115
4.4603364e+115
4.4603407e+115
4.4603494e+115
4.4603576e+115
4.4603554e+115
4.460345e+115
4.4603434e+115
4.4603323e+115
4.4603291e+115
4.4603323e+115
4.4603422e+115
4.4603551e+115
4.4603568e+115
4.4603502e+115
4.4603488e+115
4.4603499e+115
4.4603378e+115
3.6383988e+115
3.6384029e+115
3.6383993e+115
3.6384025e+115
3.6383987e+115
3.6384005e+115
3.6384039e+115
3.6384087e+115
3.6384097e+115
3.6384139e+115
3.6384193e+115
3.6384156e+115
3.638418e+115
3.6384182e+115
3.638411e+115
3.6384086e+115
3.6384137e+115
3.638415e+115
3.6384188e+115
3.6384169e+115
3.638415e+115
3.6384103e+115
3.638409e+115
3.6384103e+115
3.6384211e+115
3.6384286e+115
3.6384305e+115
3.6384262e+115
3.6384192e+115
3.6384201e+115
3.6384225e+115
3.6384205e+115
3.6384211e+115
3.638423e+115
3.6384224e+115
3.6384264e+115
3.6384283e+115
3.6384315e+115
3.6384334e+115
3.6384295e+115
3.6384302e+115
3.6384295e+115
3.6384315e+115
3.6384351e+115
3.6384366e+115
3.6384379e+115
3.6384376e+115
3.638438e+115
3.6384336e+115
3.6384293e+115
2.9662117e+115
2.9662111e+115
2.9662128e+115
2.9662138e+115
2.9662099e+115
2.9662086e+115
2.9662073e+115
2.9662106e+115
2.9662131e+115
2.9662173e+115
2.9662146e+115
2.9662113e+115
2.9662171e+115
2.9662233e+115
2.9662224e+115
2.9662234e+115
2.9662188e+115
2.9662168e+115
2.9662167e+115
2.9662198e+115
2.9662215e+115
2.9662231e+115
2.9662243e+115
2.9662294e+115
2.9662342e+115
2.9662357e+115
2.9662372e+115
2.9662355e+115
2.9662324e+115
2.9662337e+115
2.9662314e+115
2.9662364e+115
2.9662355e+115
2.9662358e+115
2.9662313e+115
2.9662274e+115
2.9662257e+115
2.966228e+115
2.9662354e+115
2.9662358e+115
2.9662402e+115
2.9662428e+115
2.9662424e+115
2.9662384e+115
2.9662336e+115
2.9662331e+115
2.9662344e+115
2.9662351e+115
2.9662368e+115
2.966241e+115
2.4182138e+115
2.4182116e+115
2.4182134e+115
2.4182117e+115
2.4182157e+115
2.4182157e+115
2.4182125e+115
2.4182093e+115
2.41821e+115
2.4182085e+115
2.4182072e+115
2.4182099e+115
2.4182124e+115
2.4182155e+115
2.4182202e+115
2.418224e+115
2.4182203e+115
2.418219e+115
2.4182171e+115
2.4182199e+115
2.4182203e+115
2.418223e+115
2.4182224e+115
2.4182222e+115
2.4182206e+115
2.4182171e+115
2.4182157e+115
2.4182171e+115
2.4182203e+115
2.418223e+115
2.4182209e+115
2.4182243e+115
2.4182249e+115
2.4182246e+115
2.4182231e+115
2.4182184e+115
2.4182176e+115
2.4182178e+115
2.4182193e+115
2.418222e+115
2.4182222e+115
2.4182222e+115
2.418219e+115
2.4182171e+115
2.418217e+115
2.4182191e+115
2.4182205e+115
2.418225e+115
2.4182314e+115
2.4182351e+115
1.971448e+115
1.9714469e+115
1.9714451e+115
1.971444e+115
1.9714449e+115
1.9714466e+115
1.9714441e+115
1.9714421e+115
1.9714424e+115
1.9714413e+115
1.9714455e+115
1.9714514e+115
1.9714526e+115
1.9714508e+115
1.9714512e+115
1.9714522e+115
1.9714521e+115
1.9714485e+115
1.9714457e+115
1.9714428e+115
1.9714437e+115
1.9714441e+115
1.9714463e+115
1.9714442e+115
1.9714427e+115
1.9714417e+115
1.9714422e+115
1.9714459e+115
1.9714461e+115
1.9714459e+115
1.9714461e+115
1.9714452e+115
1.9714468e+115
1.9714457e+115
1.9714468e+115
1.9714476e+115
1.9714491e+115
1.9714514e+115
1.9714514e+115
1.971451e+115
1.9714507e+115
1.9714488e+115
1.9714465e+115
1.9714461e+115
1.9714463e+115
1.9714477e+115
1.9714494e+115
1.9714535e+115
1.9714521e+115
1.9714517e+115
1.6072175e+115
1.6072179e+115
1.6072183e+115
1.6072192e+115
1.6072164e+115
1.6072172e+115
1.6072171e+115
1.6072183e+115
1.6072203e+115
1.6072235e+115
1.6072259e+115
1.6072261e+115
1.6072264e+115
1.6072238e+115
1.6072203e+115
1.6072174e+115
1.6072169e+115
1.6072164e+115
1.6072149e+115
1.6072129e+115
1.6072127e+115
1.607212e+115
1.6072131e+115
1.6072137e+115
1.6072139e+115
1.6072155e+115
1.6072182e+115
1.6072219e+115
1.6072224e+115
1.6072206e+115
1.6072207e+115
1.6072198e+115
1.6072227e+115
1.607223e+115
1.6072224e+115
1.6072237e+115
1.6072233e+115
1.6072234e+115
1.6072235e+115
1.6072222e+115
1.6072218e+115
1.6072223e+115
1.6072244e+115
1.6072258e+115
1.6072255e+115
1.6072249e+115
1.6072261e+115
1.6072236e+115
1.607221e+115
1.6072195e+115
1.3102853e+115
1.3102859e+115
1.3102873e+115
1.3102881e+115
1.3102882e+115
1.3102889e+115
1.3102909e+115
1.3102914e+115
1.3102907e+115
1.3102917e+115
1.3102903e+115
1.3102868e+115
1.3102866e+115
1.3102865e+115
1.3102865e+115
1.310285e+115
1.3102847e+115
1.3102855e+115
1.3102859e+115
1.3102871e+115
1.3102865e+115
1.3102866e+115
1.3102854e+115
1.3102861e+115
1.310287e+115
1.3102885e+115
1.3102892e+115
1.3102879e+115
1.3102886e+115
1.3102865e+115
1.3102865e+115
1.3102868e+115
1.3102877e+115
1.3102895e+115
1.3102881e+115
1.3102866e+115
1.3102862e+115
1.310285e+115
1.3102856e+115
1.3102866e+115
1.3102877e+115
1.3102904e+115
1.3102924e+115
1.3102952e+115
1.3102962e+115
1.3102958e+115
1.3102968e+115
1.3102933e+115
1.3102927e+115
1.3102901e+115
1.0682117e+115
1.0682118e+115
1.0682105e+115
1.0682105e+115
1.0682126e+115
1.0682139e+115
1.0682155e+115
1.0682153e+115
1.0682117e+115
1.0682095e+115
1.0682077e+115
1.068208e+115
1.0682077e+115
1.068209e+115
1.0682113e+115
1.0682131e+115
1.0682128e+115
1.0682119e+115
1.0682127e+115
1.0682129e+115
1.0682136e+115
1.0682143e+115
1.0682144e+115
1.0682138e+115
1.0682145e+115
1.0682161e+115
1.0682155e+115
1.0682127e+115
1.0682125e+115
1.0682108e+115
1.0682118e+115
1.0682129e+115
1.068212e+115
1.0682126e+115
1.0682124e+115
1.0682133e+115
1.0682156e+115
1.0682159e+115
1.0682156e+115
1.0682163e+115
1.0682172e+115
1.0682176e+115
1.0682172e+115
1.0682177e+115
1.0682194e+115
1.0682199e+115
1.0682192e+115
1.0682172e+115
1.0682164e+115
1.068215e+115
8.708571e+114
8.7085641e+114
8.7085537e+114
8.708554e+114
8.7085611e+114
8.7085712e+114
8.7085779e+114
8.7085846e+114
8.7085792e+114
8.708569e+114
8.7085695e+114
8.7085917e+114
8.7085876e+114
8.7085819e+114
8.7085775e+114
8.7085781e+114
8.7085788e+114
8.7085777e+114
8.7085911e+114
8.7085898e+114
8.7086036e+114
8.7086091e+114
8.7086119e+114
8.708611e+114
8.7086119e+114
8.7086095e+114
8.7086066e+114
8.7086074e+114
8.7086056e+114
8.7086163e+114
8.7086321e+114
8.7086355e+114
8.7086287e+114
8.7086321e+114
8.7086442e+114
8.7086679e+114
8.7086788e+114
8.7086733e+114
8.7086624e+114
8.7086633e+114
8.708648e+114
8.708636e+114
8.7086363e+114
8.708624e+114
8.7086255e+114
8.7086321e+114
8.7086279e+114
8.7086314e+114
8.7086358e+114
8.7086472e+114
7.0996655e+114
7.0996622e+114
7.0996676e+114
7.0996658e+114
7.0996618e+114
7.0996593e+114
7.0996619e+114
7.0996669e+114
7.0996825e+114
7.0996891e+114
7.0996913e+114
7.0996901e+114
7.0996931e+114
7.0996927e+114
7.0996748e+114
7.0996535e+114
7.0996457e+114
7.0996515e+114
7.0996594e+114
7.0996683e+114
7.0996702e+114
7.0996748e+114
7.0996736e+114
7.0996778e+114
7.0996736e+114
7.0996594e+114
7.0996578e+114
7.0996584e+114
7.0996614e+114
7.0996813e+114
7.0996862e+114
7.0996898e+114
7.0996975e+114
7.099702e+114
7.0997076e+114
7.0997003e+114
7.0996904e+114
7.099693e+114
7.0996987e+114
7.0997067e+114
7.0996954e+114
7.0996924e+114
7.0997012e+114
7.0996922e+114
7.0996868e+114
7.0996908e+114
7.0996967e+114
7.099713e+114
7.0997181e+114
7.0997229e+114
5.7880161e+114
5.7880226e+114
5.7880254e+114
5.7880281e+114
5.7880239e+114
5.7880186e+114
5.7880134e+114
5.7880098e+114
5.7880122e+114
5.7880143e+114
5.7880095e+114
5.7880026e+114
5.7880067e+114
5.7880151e+114
5.7880136e+114
5.7880057e+114
5.7879993e+114
5.7880026e+114
5.7879947e+114
5.7879941e+114
5.7879911e+114
5.7879912e+114
5.7879926e+114
5.7879899e+114
5.787983e+114
5.7879799e+114
5.7879777e+114
5.7879742e+114
5.7879804e+114
5.7879932e+114
5.7879907e+114
5.7879989e+114
5.7880122e+114
5.7880074e+114
5.7880028e+114
5.7879884e+114
5.7879818e+114
5.787992e+114
5.7880058e+114
5.7880076e+114
5.7880068e+114
5.7880064e+114
5.7880092e+114
5.7880122e+114
5.7880139e+114
5.7880166e+114
5.7880198e+114
5.7880279e+114
5.7880327e+114
5.7880345e+114
4.7186715e+114
4.7186754e+114
4.7186791e+114
4.718687e+114
4.7186846e+114
4.718681e+114
4.7186726e+114
4.7186677e+114
4.7186619e+114
4.718657e+114
4.7186521e+114
4.7186489e+114
4.7186454e+114
4.7186473e+114
4.718654e+114
4.718665e+114
4.7186696e+114
4.7186721e+114
4.7186633e+114
4.7186604e+114
4.7186656e+114
4.7186646e+114
4.7186663e+114
4.71866e+114
4.7186587e+114
4.7186609e+114
4.7186589e+114
4.7186621e+114
4.7186648e+114
4.7186683e+114
4.718674e+114
4.718674e+114
4.7186763e+114
4.718673e+114
4.7186736e+114
4.718677e+114
4.7186783e+114
4.7186802e+114
4.7186809e+114
4.7186774e+114
4.7186804e+114
4.7186752e+114
4.7186714e+114
4.7186727e+114
4.7186716e+114
4.7186703e+114
4.7186706e+114
4.7186717e+114
4.7186725e+114
4.7186685e+114
3.8468944e+114
3.8468913e+114
3.8468923e+114
3.8468929e+114
3.8468921e+114
3.846889e+114
3.8468855e+114
3.846886e+114
3.8468826e+114
3.8468743e+114
3.8468721e+114
3.846869e+114
3.846868e+114
3.8468689e+114
3.8468749e+114
3.8468824e+114
3.8468824e+114
3.8468814e+114
3.8468863e+114
3.846892e+114
3.8468969e+114
3.8468993e+114
3.8469025e+114
3.8469039e+114
3.8469075e+114
3.8469072e+114
3.8469094e+114
3.8469149e+114
3.8469141e+114
3.846909e+114
3.8469131e+114
3.8469082e+114
3.8469073e+114
3.8469141e+114
3.846922e+114
3.8469323e+114
3.8469342e+114
3.8469283e+114
3.8469196e+114
3.8469173e+114
3.8469186e+114
3.8469124e+114
3.8469066e+114
3.8469033e+114
3.8469014e+114
3.8468968e+114
3.8468946e+114
3.8468938e+114
3.8468878e+114
3.846884e+114
3.1361741e+114
3.1361709e+114
3.1361698e+114
3.1361656e+114
3.1361632e+114
3.1361626e+114
3.1361633e+114
3.1361651e+114
3.1361662e+114
3.1361625e+114
3.1361623e+114
3.1361637e+114
3.136167e+114
3.1361655e+114
3.1361669e+114
3.1361665e+114
3.1361678e+114
3.13617e+114
3.1361776e+114
3.1361816e+114
3.1361809e+114
3.1361822e+114
3.1361854e+114
3.1361896e+114
3.1361895e+114
3.1361895e+114
3.136193e+114
3.1361984e+114
3.1361983e+114
3.1361934e+114
3.1361935e+114
3.1361939e+114
3.136195e+114
3.1362027e+114
3.1362039e+114
3.1362067e+114
3.1362094e+114
3.1362007e+114
3.1361944e+114
3.1361922e+114
3.1361903e+114
3.1361903e+114
3.1361908e+114
3.1361912e+114
3.1361932e+114
3.1361899e+114
3.1361902e+114
3.1361874e+114
3.1361844e+114
3.1361855e+114
2.5567562e+114
2.5567554e+114
2.5567549e+114
2.556753e+114
2.5567529e+114
2.5567523e+114
2.5567539e+114
2.5567533e+114
2.5567544e+114
2.5567589e+114
2.5567597e+114
2.5567622e+114
2.5567613e+114
2.5567592e+114
2.556758e+114
2.5567607e+114
2.5567645e+114
2.5567704e+114
2.556772e+114
2.5567739e+114
2.5567729e+114
2.5567721e+114
2.5567732e+114
2.5567717e+114
2.5567708e+114
2.5567699e+114
2.5567698e+114
2.556772e+114
2.5567753e+114
2.5567747e+114
2.5567734e+114
2.5567775e+114
2.5567775e+114
2.5567791e+114
2.5567769e+114
2.5567758e+114
2.5567776e+114
2.5567753e+114
2.5567745e+114
2.5567723e+114
2.5567705e+114
2.5567719e+114
2.5567738e+114
2.5567743e+114
2.5567767e+114
2.55678e+114
2.5567841e+114
2.5567827e+114
2.5567843e+114
2.5567861e+114
2.0844021e+114
2.0844015e+114
2.0843987e+114
2.0843984e+114
2.0844024e+114
2.0844017e+114
2.0844034e+114
2.0844023e+114
2.0844007e+114
2.084405e+114
2.0844065e+114
2.0844064e+114
2.0844015e+114
2.0844004e+114
2.0844007e+114
2.0844065e+114
2.0844076e+114
2.0844066e+114
2.0844054e+114
2.0844064e+114
2.0844094e+114
2.0844103e+114
2.0844107e+114
2.0844096e+114
2.0844101e+114
2.0844109e+114
2.0844104e+114
2.0844082e+114
2.084409e+114
2.0844115e+114
2.0844103e+114
2.084411e+114
2.0844119e+114
2.0844094e+114
2.0844096e+114
2.0844104e+114
2.08441e+114
2.0844126e+114
2.0844136e+114
2.0844098e+114
2.0844075e+114
2.0844079e+114
2.084408e+114
2.0844103e+114
2.084412e+114
2.0844183e+114
2.0844211e+114
2.0844218e+114
2.0844235e+114
2.0844248e+114
1.6993115e+114
1.6993121e+114
1.6993127e+114
1.6993142e+114
1.6993147e+114
1.6993127e+114
1.6993119e+114
1.6993141e+114
1.6993144e+114
1.6993137e+114
1.6993159e+114
1.6993153e+114
1.699316e+114
1.699316e+114
1.6993153e+114
1.6993169e+114
1.6993186e+114
1.6993151e+114
1.6993138e+114
1.6993121e+114
1.6993132e+114
1.699314e+114
1.6993147e+114
1.6993169e+114
1.6993189e+114
1.6993218e+114
1.6993226e+114
1.6993192e+114
1.6993174e+114
1.6993192e+114
1.6993215e+114
1.6993211e+114
1.6993226e+114
1.6993205e+114
1.6993196e+114
1.6993172e+114
1.6993169e+114
1.6993196e+114
1.6993188e+114
1.6993182e+114
1.6993161e+114
1.6993167e+114
1.6993177e+114
1.69932e+114
1.6993197e+114
1.6993209e+114
1.6993214e+114
1.6993233e+114
1.699324e+114
1.6993214e+114
1.3853615e+114
1.3853626e+114
1.3853647e+114
1.3853645e+114
1.3853615e+114
1.3853613e+114
1.3853598e+114
1.385361e+114
1.3853642e+114
1.385363e+114
1.385365e+114
1.3853665e+114
1.3853718e+114
1.3853748e+114
1.3853738e+114
1.3853716e+114
1.385372e+114
1.3853698e+114
1.3853695e+114
1.3853674e+114
1.3853646e+114
1.3853645e+114
1.3853649e+114
1.3853671e+114
1.3853695e+114
1.3853701e+114
1.3853715e+114
1.3853706e+114
1.3853703e+114
1.3853698e+114
1.3853712e+114
1.3853735e+114
1.3853748e+114
1.3853739e+114
1.3853724e+114
1.3853691e+114
1.3853695e+114
1.3853715e+114
1.3853702e+114
1.3853723e+114
1.3853719e+114
1.3853725e+114
1.3853719e+114
1.3853714e+114
1.3853708e+114
1.3853693e+114
1.3853678e+114
1.3853682e+114
1.385368e+114
1.3853672e+114
1.12942e+114
1.1294195e+114
1.1294193e+114
1.1294182e+114
1.1294176e+114
1.1294194e+114
1.1294206e+114
1.1294185e+114
1.129419e+114
1.129419e+114
1.1294189e+114
1.1294195e+114
1.1294207e+114
1.129423e+114
1.1294233e+114
1.1294221e+114
1.1294213e+114
1.1294214e+114
1.1294206e+114
1.1294201e+114
1.129419e+114
1.12942e+114
1.1294199e+114
1.1294215e+114
1.1294213e+114
1.1294205e+114
1.1294208e+114
1.129422e+114
1.1294222e+114
1.1294206e+114
1.129419e+114
1.1294197e+114
1.1294201e+114
1.1294191e+114
1.1294185e+114
1.1294197e+114
1.1294208e+114
1.1294223e+114
1.1294241e+114
1.1294253e+114
1.1294274e+114
1.1294284e+114
1.1294272e+114
1.1294255e+114
1.1294244e+114
1.129424e+114
1.1294221e+114
1.1294217e+114
1.1294212e+114
1.1294233e+114
9.2075859e+113
9.2075806e+113
9.2075781e+113
9.2075885e+113
9.2076026e+113
9.207608e+113
9.2076237e+113
9.2076239e+113
9.2076155e+113
9.2076259e+113
9.2076225e+113
9.2076163e+113
9.2075929e+113
9.2075833e+113
9.2075809e+113
9.2075821e+113
9.2075855e+113
9.2076062e+113
9.2075957e+113
9.2076039e+113
9.2076114e+113
9.207606e+113
9.2076003e+113
9.2076005e+113
9.2075854e+113
9.2075843e+113
9.2075795e+113
9.2075847e+113
9.207587e+113
9.2075914e+113
9.2075879e+113
9.207588e+113
9.2075912e+113
9.2075898e+113
9.2075936e+113
9.2076223e+113
9.207635e+113
9.2076423e+113
9.20766e+113
9.2076582e+113
9.2076718e+113
9.2076689e+113
9.2076692e+113
9.2076545e+113
9.2076385e+113
9.2076308e+113
9.2076245e+113
9.2076352e+113
9.2076442e+113
9.2076464e+113
7.5064437e+113
7.5064487e+113
7.506452e+113
7.5064604e+113
7.5064644e+113
7.5064697e+113
7.5064764e+113
7.5064885e+113
7.5064953e+113
7.5065088e+113
7.506506e+113
7.5065066e+113
7.5065018e+113
7.506491e+113
7.5064882e+113
7.506483e+113
7.5064812e+113
7.5064907e+113
7.5064934e+113
7.5065081e+113
7.5065161e+113
7.5065011e+113
7.5064996e+113
7.5064937e+113
7.5064792e+113
7.5064812e+113
7.506479e+113
7.5064828e+113
7.5064865e+113
7.5065029e+113
7.5065117e+113
7.5065175e+113
7.5065243e+113
7.5065316e+113
7.5065422e+113
7.5065506e+113
7.5065597e+113
7.5065616e+113
7.5065588e+113
7.5065471e+113
7.5065385e+113
7.5065367e+113
7.5065406e+113
7.5065344e+113
7.506532e+113
7.506523e+113
7.5065209e+113
7.5065256e+113
7.5065369e+113
7.5065341e+113
6.1196379e+113
6.1196419e+113
6.1196463e+113
6.1196452e+113
6.1196493e+113
6.1196561e+113
6.1196542e+113
6.1196487e+113
6.119649e+113
6.1196468e+113
6.1196439e+113
6.119642e+113
6.1196465e+113
6.1196467e+113
6.1196651e+113
6.1196692e+113
6.1196638e+113
6.1196591e+113
6.1196728e+113
6.1196749e+113
6.1196728e+113
6.1196714e+113
6.1196756e+113
6.1196801e+113
6.1196728e+113
6.1196724e+113
6.1196705e+113
6.1196748e+113
6.1196796e+113
6.1196842e+113
6.1196903e+113
6.1196888e+113
6.1196859e+113
6.1196892e+113
6.119696e+113
6.1196848e+113
6.1196846e+113
6.1196864e+113
6.1196787e+113
6.1196787e+113
6.1196775e+113
6.1196879e+113
6.1196928e+113
6.1196959e+113
6.1197001e+113
6.1197039e+113
6.1197037e+113
6.1196958e+113
6.1196967e+113
6.1197e+113
4.9890683e+113
4.9890698e+113
4.9890701e+113
4.9890666e+113
4.9890694e+113
4.9890607e+113
4.9890541e+113
4.9890532e+113
4.9890515e+113
4.9890466e+113
4.9890505e+113
4.9890443e+113
4.9890414e+113
4.9890402e+113
4.9890491e+113
4.9890632e+113
4.989068e+113
4.9890589e+113
4.9890675e+113
4.9890609e+113
4.989058e+113
4.9890662e+113
4.9890659e+113
4.9890694e+113
4.9890742e+113
4.9890735e+113
4.9890765e+113
4.98908e+113
4.9890825e+113
4.9890778e+113
4.9890816e+113
4.9890748e+113
4.9890698e+113
4.9890692e+113
4.9890717e+113
4.9890603e+113
4.9890531e+113
4.9890501e+113
4.9890447e+113
4.9890511e+113
4.9890576e+113
4.9890626e+113
4.9890667e+113
4.9890739e+113
4.9890777e+113
4.9890876e+113
4.9890939e+113
4.989086e+113
4.9890767e+113
4.9890706e+113
4.067334e+113
4.0673356e+113
4.0673309e+113
4.067329e+113
4.0673276e+113
4.0673227e+113
4.0673216e+113
4.0673287e+113
4.0673272e+113
4.0673251e+113
4.0673296e+113
4.0673297e+113
4.0673307e+113
4.0673337e+113
4.0673299e+113
4.0673314e+113
4.0673412e+113
4.0673362e+113
4.0673324e+113
4.0673324e+113
4.0673333e+113
4.0673402e+113
4.0673385e+113
4.0673349e+113
4.0673393e+113
4.0673446e+113
4.0673532e+113
4.0673568e+113
4.0673529e+113
4.0673498e+113
4.0673485e+113
4.067347e+113
4.0673512e+113
4.0673504e+113
4.067346e+113
4.0673457e+113
4.0673414e+113
4.0673361e+113
4.0673358e+113
4.0673359e+113
4.067338e+113
4.067336e+113
4.0673359e+113
4.0673406e+113
4.0673428e+113
4.0673439e+113
4.0673488e+113
4.0673501e+113
4.0673407e+113
4.0673345e+113
3.3158748e+113
3.3158741e+113
3.3158729e+113
3.315874e+113
3.3158751e+113
3.3158811e+113
3.3158824e+113
3.3158845e+113
3.3158841e+113
3.3158823e+113
3.3158839e+113
3.3158857e+113
3.3158877e+113
3.3158925e+113
3.3158977e+113
3.3158964e+113
3.3159024e+113
3.3159024e+113
3.3158948e+113
3.3158945e+113
3.3158927e+113
3.3158909e+113
3.3158943e+113
3.3158919e+113
3.3158923e+113
3.315896e+113
3.3159014e+113
3.3159015e+113
3.3159017e+113
3.3159041e+113
3.3159009e+113
3.3159056e+113
3.3159097e+113
3.3159104e+113
3.3159036e+113
3.3159064e+113
3.3159085e+113
3.3159105e+113
3.3159152e+113
3.3159117e+113
3.3159072e+113
3.3159011e+113
3.3158956e+113
3.3158957e+113
3.3158975e+113
3.3158938e+113
3.3158914e+113
3.315892e+113
3.3158934e+113
3.3158977e+113
2.7032675e+113
2.7032666e+113
2.7032679e+113
2.7032676e+113
2.7032665e+113
2.7032698e+113
2.7032717e+113
2.7032731e+113
2.7032745e+113
2.7032776e+113
2.7032769e+113
2.7032773e+113
2.7032746e+113
2.7032716e+113
2.703273e+113
2.7032746e+113
2.7032763e+113
2.7032791e+113
2.7032784e+113
2.7032782e+113
2.7032775e+113
2.7032758e+113
2.7032814e+113
2.7032847e+113
2.7032842e+113
2.7032802e+113
2.7032806e+113
2.703281e+113
2.7032858e+113
2.7032877e+113
2.7032895e+113
2.7032936e+113
2.7032916e+113
2.7032907e+113
2.7032911e+113
2.7032924e+113
2.7032928e+113
2.7032972e+113
2.7033015e+113
2.7032994e+113
2.7032934e+113
2.7032886e+113
2.7032849e+113
2.7032843e+113
2.7032843e+113
2.7032835e+113
2.7032801e+113
2.7032785e+113
2.7032822e+113
2.7032846e+113
2.2038376e+113
2.203839e+113
2.2038399e+113
2.2038411e+113
2.2038411e+113
2.2038418e+113
2.2038444e+113
2.2038458e+113
2.2038429e+113
2.2038453e+113
2.2038442e+113
2.2038446e+113
2.2038457e+113
2.2038407e+113
2.2038356e+113
2.2038347e+113
2.203834e+113
2.2038349e+113
2.2038383e+113
2.2038416e+113
2.203843e+113
2.2038454e+113
2.2038479e+113
2.2038521e+113
2.2038514e+113
2.2038491e+113
2.2038474e+113
2.2038474e+113
2.2038491e+113
2.2038518e+113
2.2038561e+113
2.2038585e+113
2.2038552e+113
2.2038536e+113
2.2038554e+113
2.203859e+113
2.2038577e+113
2.203859e+113
2.2038594e+113
2.2038614e+113
2.2038599e+113
2.2038597e+113
2.2038602e+113
2.2038619e+113
2.2038607e+113
2.2038614e+113
2.203863e+113
2.2038639e+113
2.2038619e+113
2.203859e+113
1.796676e+113
1.7966772e+113
1.7966784e+113
1.79668e+113
1.7966823e+113
1.7966831e+113
1.7966841e+113
1.7966823e+113
1.7966812e+113
1.7966801e+113
1.7966798e+113
1.796681e+113
1.7966842e+113
1.796684e+113
1.7966808e+113
1.7966779e+113
1.796677e+113
1.7966767e+113
1.796679e+113
1.7966806e+113
1.7966814e+113
1.7966832e+113
1.7966834e+113
1.7966835e+113
1.7966837e+113
1.7966856e+113
1.796684e+113
1.796684e+113
1.7966834e+113
1.7966859e+113
1.7966865e+113
1.7966867e+113
1.7966855e+113
1.7966869e+113
1.7966864e+113
1.7966876e+113
1.7966882e+113
1.7966876e+113
1.7966883e+113
1.7966899e+113
1.7966919e+113
1.7966937e+113
1.7966955e+113
1.7966955e+113
1.7966954e+113
1.7966944e+113
1.7966953e+113
1.7966969e+113
1.7966957e+113
1.7966967e+113
1.4647486e+113
1.4647474e+113
1.464748e+113
1.4647479e+113
1.4647479e+113
1.4647491e+113
1.4647479e+113
1.4647465e+113
1.4647481e+113
1.4647472e+113
1.4647466e+113
1.4647471e+113
1.4647469e+113
1.4647479e+113
1.4647479e+113
1.4647475e+113
1.4647474e+113
1.4647491e+113
1.4647494e+113
1.4647482e+113
1.4647478e+113
1.4647461e+113
1.4647459e+113
1.4647451e+113
1.4647466e+113
1.4647493e+113
1.4647502e+113
1.464752e+113
1.4647515e+113
1.4647495e+113
1.4647474e+113
1.4647474e+113
1.464747e+113
1.4647477e+113
1.4647481e+113
1.4647466e+113
1.4647466e+113
1.4647467e+113
1.4647464e+113
1.4647455e+113
1.4647465e+113
1.4647476e+113
1.4647496e+113
1.464749e+113
1.4647484e+113
1.4647475e+113
1.4647463e+113
1.464747e+113
1.4647488e+113
1.4647515e+113
1.1941405e+113
1.1941388e+113
1.1941389e+113
1.1941396e+113
1.1941393e+113
1.1941397e+113
1.1941391e+113
1.1941389e+113
1.1941399e+113
1.1941398e+113
1.1941389e+113
1.1941369e+113
1.1941365e+113
1.1941371e+113
1.1941379e+113
1.1941393e+113
1.1941396e+113
1.1941413e+113
1.1941398e+113
1.1941398e+113
1.1941401e+113
1.1941384e+113
1.194138e+113
1.1941388e+113
1.1941413e+113
1.1941426e+113
1.1941449e+113
1.1941466e+113
1.1941452e+113
1.1941418e+113
1.1941398e+113
1.1941397e+113
1.1941399e+113
1.1941395e+113
1.1941405e+113
1.1941393e+113
1.1941389e+113
1.1941394e+113
1.1941378e+113
1.1941378e+113
1.194137e+113
1.1941368e+113
1.1941371e+113
1.1941378e+113
1.1941368e+113
1.1941369e+113
1.1941377e+113
1.1941379e+113
1.1941388e+113
1.194138e+113
9.7352272e+112
9.7352311e+112
9.7352343e+112
9.7352401e+112
9.7352336e+112
9.7352248e+112
9.7352242e+112
9.73522e+112
9.7352146e+112
9.735211e+112
9.7352109e+112
9.7352003e+112
9.7352076e+112
9.7352062e+112
9.7352e+112
9.7351991e+112
9.735207e+112
9.7352143e+112
9.735219e+112
9.7352305e+112
9.735234e+112
9.7352399e+112
9.7352388e+112
9.7352472e+112
9.7352622e+112
9.7352607e+112
9.735268e+112
9.7352612e+112
9.7352518e+112
9.7352494e+112
9.7352415e+112
9.7352333e+112
9.7352432e+112
9.73525e+112
9.7352539e+112
9.7352429e+112
9.7352347e+112
9.7352195e+112
9.7352219e+112
9.7352387e+112
9.7352377e+112
9.7352381e+112
9.7352309e+112
9.7352373e+112
9.7352468e+112
9.7352427e+112
9.7352465e+112
9.7352397e+112
9.735233e+112
9.7352238e+112
7.9366507e+112
7.9366604e+112
7.9366589e+112
7.9366515e+112
7.9366324e+112
7.9366206e+112
7.9366084e+112
7.9366156e+112
7.9366174e+112
7.9366155e+112
7.9366172e+112
7.9366285e+112
7.936632e+112
7.9366259e+112
7.9366235e+112
7.9366181e+112
7.9366193e+112
7.9366283e+112
7.93665e+112
7.9366506e+112
7.936652e+112
7.9366559e+112
7.9366564e+112
7.9366515e+112
7.9366485e+112
7.9366485e+112
7.9366444e+112
7.9366384e+112
7.9366422e+112
7.9366526e+112
7.9366563e+112
7.9366503e+112
7.936655e+112
7.9366558e+112
7.9366547e+112
7.9366575e+112
7.9366601e+112
7.9366577e+112
7.9366661e+112
7.93667e+112
7.936666e+112
7.9366608e+112
7.9366536e+112
7.9366576e+112
7.936669e+112
7.9366662e+112
7.9366579e+112
7.9366466e+112
7.9366415e+112
7.936639e+112
6.4703637e+112
6.4703633e+112
6.4703612e+112
6.4703601e+112
6.4703571e+112
6.4703535e+112
6.4703512e+112
6.470364e+112
6.4703669e+112
6.470362e+112
6.4703615e+112
6.4703631e+112
6.4703618e+112
6.4703632e+112
6.4703667e+112
6.4703667e+112
6.4703675e+112
6.4703751e+112
6.4703764e+112
6.4703783e+112
6.4703795e+112
6.4703813e+112
6.4703803e+112
6.4703797e+112
6.4703787e+112
6.4703818e+112
6.4703845e+112
6.4703939e+112
6.4703952e+112
6.4703932e+112
6.470394e+112
6.4703959e+112
6.4704035e+112
6.4703998e+112
6.4703958e+112
6.4704009e+112
6.4704091e+112
6.4704236e+112
6.4704312e+112
6.4704151e+112
6.4704112e+112
6.4704047e+112
6.4703929e+112
6.4703874e+112
6.4703847e+112
6.4703875e+112
6.470392e+112
6.4703925e+112
6.4703935e+112
6.4703871e+112
5.2750331e+112
5.2750344e+112
5.2750418e+112
5.2750498e+112
5.2750609e+112
5.2750664e+112
5.275075e+112
5.2750764e+112
5.2750662e+112
5.2750571e+112
5.2750567e+112
5.2750513e+112
5.275052e+112
5.2750564e+112
5.275056e+112
5.2750614e+112
5.2750669e+112
5.275069e+112
5.2750615e+112
5.2750622e+112
5.2750558e+112
5.2750537e+112
5.2750518e+112
5.2750548e+112
5.2750615e+112
5.2750646e+112
5.2750628e+112
5.2750681e+112
5.2750687e+112
5.2750715e+112
5.2750732e+112
5.2750765e+112
5.2750813e+112
5.2750887e+112
5.2750877e+112
5.275089e+112
5.2750888e+112
5.27509e+112
5.2751007e+112
5.2750965e+112
5.2751e+112
5.2750982e+112
5.2750906e+112
5.2750807e+112
5.2750756e+112
5.2750776e+112
5.2750865e+112
5.2750891e+112
5.275081e+112
5.2750767e+112
4.3006547e+112
4.3006584e+112
4.3006649e+112
4.3006654e+112
4.3006674e+112
4.3006715e+112
4.3006727e+112
4.3006698e+112
4.3006661e+112
4.3006633e+112
4.3006614e+112
4.3006631e+112
4.3006635e+112
4.3006666e+112
4.3006696e+112
4.3006742e+112
4.3006742e+112
4.3006716e+112
4.3006722e+112
4.3006685e+112
4.3006648e+112
4.3006621e+112
4.3006612e+112
4.30066e+112
4.3006619e+112
4.3006626e+112
4.3006592e+112
4.3006585e+112
4.3006607e+112
4.3006655e+112
4.3006714e+112
4.30067e+112
4.3006682e+112
4.3006756e+112
4.3006783e+112
4.3006844e+112
4.3006827e+112
4.3006782e+112
4.3006811e+112
4.3006881e+112
4.3006903e+112
4.3006907e+112
4.3006956e+112
4.3006946e+112
4.3006923e+112
4.3006907e+112
4.3006878e+112
4.3006873e+112
4.3006818e+112
4.3006817e+112
3.5064275e+112
3.5064272e+112
3.5064261e+112
3.506421e+112
3.5064194e+112
3.5064222e+112
3.5064207e+112
3.5064181e+112
3.5064203e+112
3.5064228e+112
3.5064205e+112
3.5064231e+112
3.5064208e+112
3.5064208e+112
3.506426e+112
3.5064259e+112
3.5064252e+112
3.5064199e+112
3.5064203e+112
3.5064186e+112
3.5064216e+112
3.5064247e+112
3.506424e+112
3.5064261e+112
3.5064248e+112
3.506424e+112
3.5064273e+112
3.5064265e+112
3.5064287e+112
3.5064288e+112
3.5064342e+112
3.506432e+112
3.5064297e+112
3.5064274e+112
3.5064287e+112
3.5064318e+112
3.506432e+112
3.5064315e+112
3.5064261e+112
3.5064276e+112
3.5064284e+112
3.5064319e+112
3.5064402e+112
3.5064471e+112
3.5064486e+112
3.5064476e+112
3.5064418e+112
3.5064427e+112
3.5064473e+112
3.5064499e+112
2.859089e+112
2.8590874e+112
2.8590851e+112
2.8590839e+112
2.8590847e+112
2.859087e+112
2.8590876e+112
2.8590859e+112
2.859086e+112
2.8590878e+112
2.8590872e+112
2.8590883e+112
2.8590871e+112
2.8590859e+112
2.8590879e+112
2.8590878e+112
2.8590887e+112
2.8590857e+112
2.8590849e+112
2.8590849e+112
2.8590875e+112
2.8590909e+112
2.859091e+112
2.8590932e+112
2.8590928e+112
2.8590925e+112
2.8590954e+112
2.8590952e+112
2.8590967e+112
2.8590968e+112
2.8590998e+112
2.8590999e+112
2.8590996e+112
2.8590954e+112
2.859095e+112
2.8590944e+112
2.8590947e+112
2.8590949e+112
2.8590915e+112
2.859091e+112
2.8590918e+112
2.8590945e+112
2.8590987e+112
2.8591038e+112
2.859106e+112
2.8591064e+112
2.8591047e+112
2.8591057e+112
2.8591091e+112
2.8591102e+112
2.3315824e+112
2.3315819e+112
2.3315812e+112
2.331582e+112
2.3315825e+112
2.3315831e+112
2.3315834e+112
2.3315833e+112
2.3315835e+112
2.331584e+112
2.3315842e+112
2.3315846e+112
2.3315848e+112
2.331585e+112
2.3315857e+112
2.3315862e+112
2.3315865e+112
2.3315862e+112
2.3315864e+112
2.3315867e+112
2.3315876e+112
2.331589e+112
2.33159e+112
2.33159e+112
2.3315899e+112
2.33159e+112
2.3315908e+112
2.331591e+112
2.3315915e+112
2.331592e+112
2.331593e+112
2.3315939e+112
2.3315949e+112
2.3315935e+112
2.3315932e+112
2.3315931e+112
2.331593e+112
2.331593e+112
2.3315927e+112
2.3315929e+112
2.3315933e+112
2.3315941e+112
2.3315954e+112
2.3315965e+112
2.3315971e+112
2.3315975e+112
2.3315975e+112
2.3315979e+112
2.3315986e+112
2.331599e+112
1.9019017e+112
1.9019017e+112
1.9019016e+112
1.9019018e+112
1.901902e+112
1.9019021e+112
1.9019022e+112
1.9019023e+112
1.9019024e+112
1.9019027e+112
1.901903e+112
1.9019034e+112
1.9019038e+112
1.9019041e+112
1.9019045e+112
1.9019048e+112
1.901905e+112
1.9019052e+112
1.9019055e+112
1.9019057e+112
1.9019061e+112
1.9019065e+112
1.9019069e+112
1.9019071e+112
1.9019074e+112
1.9019076e+112
1.9019079e+112
1.9019082e+112
1.9019085e+112
1.9019089e+112
1.9019095e+112
1.90191e+112
1.9019104e+112
1.9019105e+112
1.9019106e+112
1.9019108e+112
1.9019109e+112
1.901911e+112
1.9019111e+112
1.9019113e+112
1.9019116e+112
1.901912e+112
1.9019124e+112
1.9019128e+112
1.901913e+112
1.9019132e+112
1.9019133e+112
1.9019134e+112
1.9019136e+112
1.9019137e+112
1.5521664e+112
1.5521664e+112
1.5521664e+112
1.5521665e+112
1.5521665e+112
1.5521666e+112
1.5521667e+112
1.5521668e+112
1.552167e+112
1.5521672e+112
1.5521675e+112
1.5521677e+112
1.552168e+112
1.5521682e+112
1.5521685e+112
1.5521688e+112
1.552169e+112
1.5521692e+112
1.5521695e+112
1.5521697e+112
1.55217e+112
1.5521703e+112
1.5521706e+112
1.5521708e+112
1.552171e+112
1.5521712e+112
1.5521715e+112
1.5521717e+112
1.552172e+112
1.5521723e+112
1.5521727e+112
1.552173e+112
1.5521733e+112
1.5521736e+112
1.5521738e+112
1.552174e+112
1.5521742e+112
1.5521744e+112
1.5521745e+112
1.5521747e+112
1.5521749e+112
1.5521751e+112
1.5521753e+112
1.5521755e+112
1.5521756e+112
1.5521758e+112
1.5521759e+112
1.5521759e+112
1.552176e+112
1.5521761e+112
1.2679051e+112
1.2679051e+112
1.2679051e+112
1.2679051e+112
1.2679052e+112
1.2679052e+112
1.2679053e+112
1.2679054e+112
1.2679056e+112
1.2679057e+112
1.2679059e+112
1.2679061e+112
1.2679063e+112
1.2679065e+112
1.2679067e+112
1.2679069e+112
1.2679071e+112
1.2679073e+112
1.2679076e+112
1.2679078e+112
1.267908e+112
1.2679082e+112
1.2679084e+112
1.2679087e+112
1.2679089e+112
1.2679091e+112
1.2679093e+112
1.2679096e+112
1.2679098e+112
1.2679101e+112
1.2679104e+112
1.2679107e+112
1.2679109e+112
1.2679112e+112
1.2679114e+112
1.2679116e+112
1.2679118e+112
1.267912e+112
1.2679121e+112
1.2679123e+112
1.2679125e+112
1.2679126e+112
1.2679128e+112
1.2679129e+112
1.267913e+112
1.2679131e+112
1.2679132e+112
1.2679133e+112
1.2679134e+112
1.2679134e+112
1.037471e+112
1.037471e+112
1.037471e+112
1.037471e+112
1.0374711e+112
1.0374711e+112
1.0374712e+112
1.0374713e+112
1.0374714e+112
1.0374715e+112
1.0374717e+112
1.0374718e+112
1.037472e+112
1.0374721e+112
1.0374723e+112
1.0374725e+112
1.0374727e+112
1.0374729e+112
1.0374731e+112
1.0374733e+112
1.0374735e+112
1.0374737e+112
1.0374739e+112
1.0374741e+112
1.0374743e+112
1.0374746e+112
1.0374748e+112
1.037475e+112
1.0374753e+112
1.0374755e+112
1.0374757e+112
1.037476e+112
1.0374762e+112
1.0374765e+112
1.0374767e+112
1.0374769e+112
1.0374771e+112
1.0374773e+112
1.0374775e+112
1.0374777e+112
1.0374778e+112
1.037478e+112
1.0374781e+112
1.0374783e+112
1.0374784e+112
1.0374785e+112
1.0374786e+112
1.0374787e+112
1.0374787e+112
1.0374788e+112
8.5158784e+111
8.5158782e+111
8.5158781e+111
8.5158781e+111
8.5158784e+111
8.5158788e+111
8.5158794e+111
8.5158802e+111
8.5158811e+111
8.5158822e+111
8.5158835e+111
8.5158848e+111
8.5158863e+111
8.5158879e+111
8.5158896e+111
8.5158913e+111
8.5158932e+111
8.5158951e+111
8.5158971e+111
8.5158991e+111
8.5159012e+111
8.5159034e+111
8.5159056e+111
8.5159078e+111
8.5159101e+111
8.5159125e+111
8.5159149e+111
8.5159173e+111
8.5159198e+111
8.5159223e+111
8.5159248e+111
8.5159274e+111
8.5159299e+111
8.5159323e+111
8.5159348e+111
8.5159371e+111
8.5159394e+111
8.5159416e+111
8.5159436e+111
8.5159456e+111
8.5159474e+111
8.5159492e+111
8.5159508e+111
8.5159523e+111
8.5159537e+111
8.515955e+111
8.5159561e+111
8.515957e+111
8.5159577e+111
8.5159583e+111
7.029927e+111
7.0299267e+111
7.0299263e+111
7.0299262e+111
7.0299263e+111
7.0299266e+111
7.0299272e+111
7.0299279e+111
7.0299288e+111
7.0299298e+111
7.029931e+111
7.0299324e+111
7.0299339e+111
7.0299356e+111
7.0299373e+111
7.0299392e+111
7.0299412e+111
7.0299433e+111
7.0299455e+111
7.0299478e+111
7.0299501e+111
7.0299526e+111
7.0299551e+111
7.0299577e+111
7.0299604e+111
7.0299631e+111
7.0299658e+111
7.0299687e+111
7.0299715e+111
7.0299744e+111
7.0299773e+111
7.0299802e+111
7.0299831e+111
7.029986e+111
7.0299889e+111
7.0299917e+111
7.0299944e+111
7.029997e+111
7.0299995e+111
7.030002e+111
7.0300042e+111
7.0300064e+111
7.0300084e+111
7.0300103e+111
7.0300121e+111
7.0300137e+111
7.0300151e+111
7.0300163e+111
7.0300173e+111
7.030018e+111
5.8613636e+111
5.8613631e+111
5.8613625e+111
5.8613622e+111
5.8613622e+111
5.8613624e+111
5.8613629e+111
5.8613636e+111
5.8613646e+111
5.8613657e+111
5.8613671e+111
5.8613686e+111
5.8613703e+111
5.8613722e+111
5.8613743e+111
5.8613765e+111
5.8613788e+111
5.8613814e+111
5.861384e+111
5.8613868e+111
5.8613897e+111
5.8613927e+111
5.8613958e+111
5.861399e+111
5.8614023e+111
5.8614057e+111
5.8614091e+111
5.8614126e+111
5.8614162e+111
5.8614198e+111
5.8614234e+111
5.861427e+111
5.8614307e+111
5.8614343e+111
5.8614379e+111
5.8614414e+111
5.8614449e+111
5.8614483e+111
5.8614515e+111
5.8614546e+111
5.8614576e+111
5.8614604e+111
5.8614631e+111
5.8614656e+111
5.8614679e+111
5.8614699e+111
5.8614718e+111
5.8614733e+111
5.8614746e+111
5.8614756e+111
4.9686709e+111
4.9686702e+111
4.9686693e+111
4.9686688e+111
4.9686687e+111
4.9686689e+111
4.9686694e+111
4.9686702e+111
4.9686713e+111
4.9686727e+111
4.9686743e+111
4.9686762e+111
4.9686783e+111
4.9686806e+111
4.9686832e+111
4.9686859e+111
4.9686889e+111
4.9686921e+111
4.9686954e+111
4.968699e+111
4.9687026e+111
4.9687065e+111
4.9687104e+111
4.9687145e+111
4.9687187e+111
4.9687231e+111
4.9687275e+111
4.968732e+111
4.9687365e+111
4.9687411e+111
4.9687458e+111
4.9687505e+111
4.9687551e+111
4.9687598e+111
4.9687644e+111
4.968769e+111
4.9687735e+111
4.9687779e+111
4.9687822e+111
4.9687863e+111
4.9687902e+111
4.968794e+111
4.9687975e+111
4.9688008e+111
4.9688039e+111
4.9688067e+111
4.9688092e+111
4.9688112e+111
4.9688129e+111
4.9688142e+111
4.3198748e+111
4.3198738e+111
4.3198727e+111
4.3198721e+111
4.3198719e+111
4.3198722e+111
4.3198729e+111
4.319874e+111
4.3198755e+111
4.3198773e+111
4.3198794e+111
4.3198818e+111
4.3198845e+111
4.3198875e+111
4.3198908e+111
4.3198944e+111
4.3198981e+111
4.3199022e+111
4.3199064e+111
4.3199109e+111
4.3199156e+111
4.3199204e+111
4.3199255e+111
4.3199307e+111
4.319936e+111
4.3199414e+111
4.319947e+111
4.3199527e+111
4.3199585e+111
4.3199643e+111
4.3199702e+111
4.3199761e+111
4.319982e+111
4.3199879e+111
4.3199938e+111
4.3199996e+111
4.3200053e+111
4.3200109e+111
4.3200163e+111
4.3200215e+111
4.3200266e+111
4.3200314e+111
4.320036e+111
4.3200402e+111
4.3200442e+111
4.3200478e+111
4.320051e+111
4.3200537e+111
4.320056e+111
4.3200577e+111
3.885872e+111
3.8858709e+111
3.8858696e+111
3.885869e+111
3.8858689e+111
3.8858695e+111
3.8858706e+111
3.8858721e+111
3.8858741e+111
3.8858764e+111
3.8858792e+111
3.8858823e+111
3.8858857e+111
3.8858895e+111
3.8858936e+111
3.885898e+111
3.8859026e+111
3.8859076e+111
3.8859128e+111
3.8859182e+111
3.8859239e+111
3.8859298e+111
3.8859359e+111
3.8859422e+111
3.8859486e+111
3.8859552e+111
3.8859619e+111
3.8859687e+111
3.8859756e+111
3.8859826e+111
3.8859897e+111
3.8859968e+111
3.8860039e+111
3.886011e+111
3.8860181e+111
3.8860251e+111
3.8860319e+111
3.8860387e+111
3.8860453e+111
3.8860517e+111
3.8860578e+111
3.8860637e+111
3.8860693e+111
3.8860745e+111
3.8860793e+111
3.8860837e+111
3.8860877e+111
3.8860911e+111
3.8860939e+111
3.8860963e+111
3.6320143e+111
3.6320133e+111
3.6320124e+111
3.6320123e+111
3.6320128e+111
3.632014e+111
3.6320157e+111
3.632018e+111
3.6320206e+111
3.6320237e+111
3.6320272e+111
3.632031e+111
3.6320352e+111
3.6320397e+111
3.6320446e+111
3.6320497e+111
3.6320552e+111
3.6320609e+111
3.6320669e+111
3.6320731e+111
3.6320796e+111
3.6320863e+111
3.6320931e+111
3.6321002e+111
3.6321074e+111
3.6321148e+111
3.6321224e+111
3.63213e+111
3.6321377e+111
3.6321456e+111
3.6321534e+111
3.6321613e+111
3.6321693e+111
3.6321772e+111
3.632185e+111
3.6321928e+111
3.6322005e+111
3.632208e+111
3.6322154e+111
3.6322225e+111
3.6322294e+111
3.6322361e+111
3.6322423e+111
3.6322482e+111
3.6322537e+111
3.6322587e+111
3.6322632e+111
3.6322671e+111
3.6322704e+111
3.6322731e+111
3.5103634e+111
3.5103634e+111
3.5103637e+111
3.5103648e+111
3.5103664e+111
3.5103685e+111
3.5103711e+111
3.5103742e+111
3.5103776e+111
3.5103814e+111
3.5103855e+111
3.51039e+111
3.5103948e+111
3.5103999e+111
3.5104053e+111
3.5104109e+111
3.5104169e+111
3.510423e+111
3.5104295e+111
3.5104362e+111
3.5104431e+111
3.5104502e+111
3.5104575e+111
3.510465e+111
3.5104726e+111
3.5104804e+111
3.5104884e+111
3.5104964e+111
3.5105046e+111
3.5105128e+111
3.5105211e+111
3.5105294e+111
3.5105377e+111
3.5105461e+111
3.5105543e+111
3.5105625e+111
3.5105707e+111
3.5105786e+111
3.5105864e+111
3.5105941e+111
3.5106014e+111
3.5106085e+111
3.5106153e+111
3.5106217e+111
3.5106278e+111
3.5106334e+111
3.5106385e+111
3.510643e+111
3.5106468e+111
3.5106499e+111
3.4437221e+111
3.4437232e+111
3.4437253e+111
3.4437279e+111
3.443731e+111
3.4437345e+111
3.4437382e+111
3.4437423e+111
3.4437465e+111
3.4437511e+111
3.4437559e+111
3.4437609e+111
3.4437663e+111
3.4437718e+111
3.4437777e+111
3.4437838e+111
3.4437901e+111
3.4437967e+111
3.4438035e+111
3.4438106e+111
3.4438179e+111
3.4438253e+111
3.443833e+111
3.4438408e+111
3.4438488e+111
3.443857e+111
3.4438653e+111
3.4438737e+111
3.4438822e+111
3.4438908e+111
3.4438994e+111
3.4439082e+111
3.4439169e+111
3.4439256e+111
3.4439343e+111
3.443943e+111
3.4439515e+111
3.4439599e+111
3.4439682e+111
3.4439764e+111
3.4439843e+111
3.4439921e+111
3.4439996e+111
3.4440069e+111
3.444014e+111
3.4440209e+111
3.4440277e+111
3.4440345e+111
3.4440414e+111
3.4440489e+111
)
;

boundaryField
{
    inlet
    {
        type            zeroGradient;
    }
    outlet
    {
        type            fixedValue;
        value           uniform 101325;
    }
    wall
    {
        type            zeroGradient;
    }
    front
    {
        type            wedge;
    }
    back
    {
        type            wedge;
    }
    axis
    {
        type            empty;
    }
}


// ************************************************************************* //
