/*--------------------------------*- C++ -*----------------------------------*\
  =========                 |
  \\      /  F ield         | OpenFOAM: The Open Source CFD Toolbox
   \\    /   O peration     | Website:  https://openfoam.org
    \\  /    A nd           | Version:  11
     \\/     M anipulation  |
\*---------------------------------------------------------------------------*/
FoamFile
{
    format      ascii;
    class       volScalarField;
    location    "0.5";
    object      qCO2;
}
// * * * * * * * * * * * * * * * * * * * * * * * * * * * * * * * * * * * * * //

dimensions      [-1 0 0 0 1 0 0];

internalField   nonuniform List<scalar> 
6000
(
0.46885202
0.46885201
0.46885201
0.46885201
0.46885201
0.46885201
0.46885201
0.46885201
0.46885201
0.46885201
0.46885201
0.46885201
0.46885201
0.46885201
0.46885201
0.46885201
0.46885201
0.46885201
0.46885201
0.46885201
0.46885201
0.46885201
0.46885201
0.46885201
0.46885201
0.46885201
0.46885201
0.46885201
0.46885201
0.46885201
0.46885201
0.46885201
0.46885201
0.46885201
0.46885201
0.46885201
0.46885201
0.46885201
0.46885201
0.46885201
0.46885201
0.46885201
0.46885201
0.46885201
0.46885201
0.46885201
0.46885201
0.46885201
0.46885201
0.46885202
0.0071503159
0.0071503694
0.0071503819
0.007150383
0.0071503818
0.007150381
0.0071503813
0.0071503819
0.0071503827
0.0071503832
0.0071503831
0.0071503839
0.0071503843
0.0071503841
0.007150385
0.0071503844
0.0071503843
0.0071503847
0.0071503848
0.0071503842
0.0071503852
0.0071503847
0.0071503845
0.0071503849
0.0071503838
0.0071503838
0.0071503855
0.0071503849
0.0071503846
0.0071503854
0.0071503852
0.0071503847
0.0071503853
0.0071503863
0.0071503865
0.007150386
0.0071503867
0.0071503854
0.0071503848
0.0071503861
0.0071503855
0.0071503852
0.0071503853
0.0071503856
0.0071503854
0.0071503862
0.007150386
0.0071503862
0.007150384
0.0071504254
2.007015e-07
2.0070269e-07
2.0070304e-07
2.0070306e-07
2.0070318e-07
2.0070306e-07
2.007031e-07
2.0070311e-07
2.0070305e-07
2.0070311e-07
2.0070313e-07
2.0070315e-07
2.0070312e-07
2.0070309e-07
2.0070316e-07
2.0070313e-07
2.0070317e-07
2.0070314e-07
2.0070307e-07
2.0070323e-07
2.0070321e-07
2.0070303e-07
2.007032e-07
2.0070312e-07
2.0070311e-07
2.0070307e-07
2.0070313e-07
2.0070316e-07
2.0070306e-07
2.0070312e-07
2.007031e-07
2.0070317e-07
2.0070308e-07
2.0070309e-07
2.0070327e-07
2.0070323e-07
2.0070311e-07
2.0070318e-07
2.0070328e-07
2.0070303e-07
2.0070316e-07
2.007032e-07
2.0070315e-07
2.0070305e-07
2.0070306e-07
2.0070319e-07
2.007032e-07
2.0070312e-07
2.0070292e-07
2.0070403e-07
5.519672e-12
5.5198996e-12
5.5198258e-12
5.5199082e-12
5.5198487e-12
5.5198181e-12
5.5198831e-12
5.5199139e-12
5.5199584e-12
5.5199192e-12
5.5197925e-12
5.5198393e-12
5.5198736e-12
5.5198007e-12
5.5199311e-12
5.5198242e-12
5.5197879e-12
5.5198603e-12
5.5198972e-12
5.5197815e-12
5.51997e-12
5.5198989e-12
5.5198585e-12
5.5199288e-12
5.5197321e-12
5.5197383e-12
5.5200389e-12
5.5199119e-12
5.5198383e-12
5.5199645e-12
5.5198957e-12
5.519737e-12
5.5198219e-12
5.5199853e-12
5.5199633e-12
5.5198242e-12
5.5199533e-12
5.5196936e-12
5.519596e-12
5.5199022e-12
5.5198363e-12
5.5198073e-12
5.5198712e-12
5.5199181e-12
5.519834e-12
5.5198844e-12
5.5197959e-12
5.5199291e-12
5.5198896e-12
5.5200921e-12
1.5203438e-16
1.5204723e-16
1.5204302e-16
1.5204645e-16
1.5204921e-16
1.5203863e-16
1.5204712e-16
1.5204966e-16
1.5204911e-16
1.5204806e-16
1.5203784e-16
1.5204386e-16
1.5204387e-16
1.5203446e-16
1.5204963e-16
1.5203936e-16
1.5203753e-16
1.5204289e-16
1.5204281e-16
1.5204184e-16
1.5205722e-16
1.5204176e-16
1.5204905e-16
1.5204942e-16
1.5203327e-16
1.5203244e-16
1.5206042e-16
1.5205365e-16
1.5204003e-16
1.5205544e-16
1.5204819e-16
1.520372e-16
1.5203953e-16
1.5205421e-16
1.520607e-16
1.5204681e-16
1.5205057e-16
1.5203014e-16
1.5202881e-16
1.5204165e-16
1.5204376e-16
1.5204665e-16
1.5204969e-16
1.5204732e-16
1.5203915e-16
1.5204757e-16
1.5203934e-16
1.5204603e-16
1.5204083e-16
1.5205236e-16
4.1906277e-21
4.1907617e-21
4.1907127e-21
4.1907505e-21
4.1911842e-21
4.1906246e-21
4.1908712e-21
4.1910782e-21
4.1908951e-21
4.1909304e-21
4.1904577e-21
4.1906074e-21
4.1905349e-21
4.1902152e-21
4.1909912e-21
4.190534e-21
4.1906077e-21
4.1906017e-21
4.1903695e-21
4.1910132e-21
4.1914081e-21
4.190341e-21
4.1910427e-21
4.1908911e-21
4.1902688e-21
4.1902853e-21
4.1915638e-21
4.1913255e-21
4.1905944e-21
4.1912043e-21
4.1907713e-21
4.1907312e-21
4.1903817e-21
4.1909905e-21
4.1917907e-21
4.1909561e-21
4.19081e-21
4.1903135e-21
4.1905813e-21
4.190311e-21
4.1908945e-21
4.1910817e-21
4.1912778e-21
4.190741e-21
4.1904379e-21
4.1910331e-21
4.1905017e-21
4.1906676e-21
4.1903448e-21
4.1910197e-21
1.1556077e-25
1.1555785e-25
1.155601e-25
1.1556205e-25
1.1557317e-25
1.1557014e-25
1.1556363e-25
1.155818e-25
1.1557356e-25
1.1557288e-25
1.1555158e-25
1.1553889e-25
1.155447e-25
1.1555071e-25
1.1557666e-25
1.155554e-25
1.1556109e-25
1.155507e-25
1.1553724e-25
1.1557775e-25
1.1557653e-25
1.1554583e-25
1.1556217e-25
1.1556281e-25
1.1554154e-25
1.1554556e-25
1.1560314e-25
1.1558396e-25
1.155657e-25
1.155725e-25
1.1556073e-25
1.1556468e-25
1.1553926e-25
1.1555988e-25
1.1559526e-25
1.1555878e-25
1.1555307e-25
1.1554805e-25
1.1556524e-25
1.1554098e-25
1.1557171e-25
1.1556539e-25
1.1558484e-25
1.1555044e-25
1.1554672e-25
1.1558009e-25
1.1555048e-25
1.1556064e-25
1.1555095e-25
1.1560024e-25
3.1848163e-30
3.1847279e-30
3.1848154e-30
3.1850501e-30
3.1848994e-30
3.1854582e-30
3.1848618e-30
3.1856147e-30
3.185644e-30
3.1853924e-30
3.184537e-30
3.1836843e-30
3.1840827e-30
3.1848479e-30
3.1856805e-30
3.1847393e-30
3.1848215e-30
3.1843168e-30
3.1840714e-30
3.1851765e-30
3.1849361e-30
3.1845076e-30
3.1845627e-30
3.1848809e-30
3.1840582e-30
3.184268e-30
3.1868761e-30
3.1858626e-30
3.1854108e-30
3.1852116e-30
3.1851998e-30
3.1848978e-30
3.1838952e-30
3.1846864e-30
3.1856522e-30
3.1846225e-30
3.1843756e-30
3.1842481e-30
3.185076e-30
3.1842399e-30
3.1851771e-30
3.1846519e-30
3.1854741e-30
3.1840834e-30
3.1841424e-30
3.1855799e-30
3.184522e-30
3.1850235e-30
3.1849655e-30
3.1873574e-30
8.7703332e-35
8.7700075e-35
8.7697034e-35
8.7718887e-35
8.7698235e-35
8.7726386e-35
8.7701773e-35
8.7718458e-35
8.7739472e-35
8.7724871e-35
8.7691287e-35
8.7669318e-35
8.767622e-35
8.7700265e-35
8.7733488e-35
8.7707001e-35
8.7702726e-35
8.7683088e-35
8.7684071e-35
8.7703671e-35
8.7696346e-35
8.7695352e-35
8.7688891e-35
8.770901e-35
8.7674298e-35
8.7684963e-35
8.7780196e-35
8.7743081e-35
8.7728433e-35
8.7716859e-35
8.7723338e-35
8.7703447e-35
8.7672707e-35
8.7698556e-35
8.772293e-35
8.7702863e-35
8.7684198e-35
8.7679862e-35
8.77153e-35
8.7689987e-35
8.771044e-35
8.7695153e-35
8.7716654e-35
8.7671499e-35
8.7672907e-35
8.7717471e-35
8.7696253e-35
8.7711564e-35
8.7718973e-35
8.7803032e-35
2.414601e-39
2.4144728e-39
2.4141513e-39
2.4153e-39
2.4145466e-39
2.4153133e-39
2.4145014e-39
2.4149785e-39
2.4158153e-39
2.4154184e-39
2.4142295e-39
2.4137822e-39
2.4138217e-39
2.4141705e-39
2.4155013e-39
2.4149075e-39
2.4145747e-39
2.4140254e-39
2.4139379e-39
2.4145245e-39
2.4141505e-39
2.4144681e-39
2.4141185e-39
2.4149179e-39
2.4137185e-39
2.4139904e-39
2.4169511e-39
2.4157937e-39
2.4153732e-39
2.4150903e-39
2.4153583e-39
2.4144857e-39
2.4138442e-39
2.4144317e-39
2.4151948e-39
2.4148043e-39
2.4139635e-39
2.4137599e-39
2.4151068e-39
2.4144856e-39
2.4148774e-39
2.4144387e-39
2.4150138e-39
2.4135398e-39
2.4136601e-39
2.4147921e-39
2.4145027e-39
2.4148399e-39
2.4153658e-39
2.4177742e-39
6.647998e-44
6.6470343e-44
6.6462059e-44
6.6502374e-44
6.6484197e-44
6.649614e-44
6.6473261e-44
6.6492457e-44
6.6513767e-44
6.6504229e-44
6.6473683e-44
6.6460415e-44
6.6458112e-44
6.6465154e-44
6.6508814e-44
6.649091e-44
6.648051e-44
6.6467902e-44
6.6457897e-44
6.647617e-44
6.6462056e-44
6.6479332e-44
6.647033e-44
6.6489684e-44
6.6455908e-44
6.6458108e-44
6.6543512e-44
6.6514854e-44
6.649837e-44
6.6497085e-44
6.6506859e-44
6.6471109e-44
6.6462784e-44
6.6472913e-44
6.6499194e-44
6.6492189e-44
6.6463507e-44
6.6452147e-44
6.6496403e-44
6.6484029e-44
6.6491851e-44
6.6478455e-44
6.6495374e-44
6.6446577e-44
6.6457646e-44
6.6484095e-44
6.6476892e-44
6.6485583e-44
6.6513192e-44
6.6575384e-44
1.8306289e-48
1.83008e-48
1.8300581e-48
1.831249e-48
1.8307638e-48
1.8309001e-48
1.8302624e-48
1.830904e-48
1.8316208e-48
1.8312144e-48
1.8305785e-48
1.8300843e-48
1.8299231e-48
1.8302872e-48
1.8315417e-48
1.8309602e-48
1.8306925e-48
1.8303869e-48
1.8298104e-48
1.8303549e-48
1.829943e-48
1.8305806e-48
1.8305023e-48
1.830923e-48
1.8299115e-48
1.8298835e-48
1.8322714e-48
1.8316095e-48
1.8309425e-48
1.8310769e-48
1.831477e-48
1.8301813e-48
1.8301915e-48
1.8302717e-48
1.8311293e-48
1.8310392e-48
1.8301551e-48
1.8297861e-48
1.8310171e-48
1.8306941e-48
1.8310253e-48
1.8304822e-48
1.8310688e-48
1.8294815e-48
1.8298795e-48
1.8307241e-48
1.8304844e-48
1.8307102e-48
1.8318262e-48
1.8334564e-48
5.0413235e-53
5.0397017e-53
5.0397784e-53
5.0431582e-53
5.0418573e-53
5.0419575e-53
5.0402644e-53
5.0421212e-53
5.0445278e-53
5.0427714e-53
5.0413408e-53
5.0398847e-53
5.0390871e-53
5.0405582e-53
5.0440192e-53
5.0426403e-53
5.0414059e-53
5.0411426e-53
5.0382953e-53
5.0401382e-53
5.0389785e-53
5.0411381e-53
5.0417337e-53
5.0424248e-53
5.0395915e-53
5.0392805e-53
5.045796e-53
5.0436841e-53
5.0420849e-53
5.0424156e-53
5.0440767e-53
5.0396865e-53
5.0403593e-53
5.0398663e-53
5.0427959e-53
5.042411e-53
5.040073e-53
5.0390703e-53
5.0421958e-53
5.0409987e-53
5.0426205e-53
5.0404656e-53
5.0423734e-53
5.0376431e-53
5.038677e-53
5.0415991e-53
5.0411824e-53
5.0412847e-53
5.0450762e-53
5.0495839e-53
1.3882557e-57
1.3879127e-57
1.3879504e-57
1.3889097e-57
1.388592e-57
1.3885394e-57
1.3880884e-57
1.3885703e-57
1.3892602e-57
1.3886172e-57
1.3882614e-57
1.3879784e-57
1.3876276e-57
1.3881367e-57
1.3891087e-57
1.388907e-57
1.3884062e-57
1.3883733e-57
1.3874218e-57
1.3879112e-57
1.3875605e-57
1.3883135e-57
1.3886229e-57
1.3886738e-57
1.3879829e-57
1.3877905e-57
1.389554e-57
1.3888338e-57
1.3886626e-57
1.3885741e-57
1.3891294e-57
1.3878286e-57
1.3881048e-57
1.3877525e-57
1.3888546e-57
1.3886288e-57
1.3880759e-57
1.3876812e-57
1.3885394e-57
1.3881907e-57
1.3886792e-57
1.3880309e-57
1.3885697e-57
1.3872613e-57
1.3875874e-57
1.3883671e-57
1.3883982e-57
1.3881995e-57
1.3894773e-57
1.3907465e-57
3.8229037e-62
3.8219689e-62
3.8224037e-62
3.8250703e-62
3.824258e-62
3.8237955e-62
3.8227448e-62
3.8239638e-62
3.8259424e-62
3.8239085e-62
3.8229374e-62
3.8224384e-62
3.8210611e-62
3.822726e-62
3.8256112e-62
3.8254748e-62
3.8238105e-62
3.8234975e-62
3.8209842e-62
3.8221947e-62
3.8207333e-62
3.8234879e-62
3.8244127e-62
3.8243065e-62
3.8225842e-62
3.821556e-62
3.8264673e-62
3.8246314e-62
3.8245741e-62
3.8237911e-62
3.8252143e-62
3.8219273e-62
3.8225614e-62
3.8213154e-62
3.825291e-62
3.8242064e-62
3.822839e-62
3.821242e-62
3.8236201e-62
3.8228578e-62
3.8243096e-62
3.8226581e-62
3.8239865e-62
3.820274e-62
3.8213615e-62
3.8235162e-62
3.8235323e-62
3.822605e-62
3.8268453e-62
3.830507e-62
1.0527702e-66
1.0524665e-66
1.0526436e-66
1.0533684e-66
1.053174e-66
1.052944e-66
1.0527186e-66
1.0530846e-66
1.0536644e-66
1.0530457e-66
1.0527917e-66
1.0527151e-66
1.0521921e-66
1.0527197e-66
1.0535614e-66
1.0535859e-66
1.053048e-66
1.0529852e-66
1.0523748e-66
1.0526141e-66
1.0521027e-66
1.0530269e-66
1.0533571e-66
1.0531876e-66
1.0527198e-66
1.0522763e-66
1.0536944e-66
1.0533538e-66
1.0533249e-66
1.0530395e-66
1.0533454e-66
1.0525726e-66
1.0526467e-66
1.0523091e-66
1.0535762e-66
1.0532178e-66
1.0528206e-66
1.0523065e-66
1.0528822e-66
1.0527571e-66
1.0532378e-66
1.0528201e-66
1.0531215e-66
1.0520686e-66
1.0524368e-66
1.0530046e-66
1.0529047e-66
1.0527304e-66
1.0539791e-66
1.0550388e-66
2.8993995e-71
2.898264e-71
2.8986772e-71
2.9006716e-71
2.9003979e-71
2.8995706e-71
2.8989342e-71
2.9000333e-71
2.9016663e-71
2.8999477e-71
2.8991612e-71
2.8992051e-71
2.8976642e-71
2.8990065e-71
2.9013821e-71
2.9016479e-71
2.9001428e-71
2.89994e-71
2.8985231e-71
2.8987989e-71
2.8973776e-71
2.9000883e-71
2.901296e-71
2.9004191e-71
2.8991309e-71
2.8976025e-71
2.9017235e-71
2.9009544e-71
2.9009673e-71
2.8999534e-71
2.9006935e-71
2.8989567e-71
2.8989772e-71
2.8978588e-71
2.9017552e-71
2.9006987e-71
2.899603e-71
2.8980395e-71
2.8994888e-71
2.8992922e-71
2.900776e-71
2.8994159e-71
2.9003507e-71
2.8974208e-71
2.8986093e-71
2.899758e-71
2.8994099e-71
2.8994143e-71
2.9027648e-71
2.905694e-71
7.9856739e-76
7.9815252e-76
7.9822914e-76
7.9875871e-76
7.9877829e-76
7.9851034e-76
7.9833825e-76
7.986273e-76
7.9905069e-76
7.9865335e-76
7.9837101e-76
7.9841206e-76
7.9802815e-76
7.9832171e-76
7.9900095e-76
7.9916769e-76
7.986896e-76
7.9864986e-76
7.9826731e-76
7.9833742e-76
7.979654e-76
7.9867349e-76
7.9909045e-76
7.9873803e-76
7.984634e-76
7.9796453e-76
7.9911253e-76
7.9887084e-76
7.9894337e-76
7.9858076e-76
7.9878747e-76
7.9843156e-76
7.9842624e-76
7.9804523e-76
7.992086e-76
7.9884613e-76
7.9858794e-76
7.9811659e-76
7.9856258e-76
7.9847447e-76
7.9889417e-76
7.9848407e-76
7.9878324e-76
7.9794283e-76
7.983162e-76
7.9857239e-76
7.9845109e-76
7.9851648e-76
7.9944659e-76
8.002475e-76
2.19928e-80
2.1981864e-80
2.1983256e-80
2.1996324e-80
2.1999419e-80
2.199071e-80
2.1985324e-80
2.199529e-80
2.2004888e-80
2.1995173e-80
2.1987352e-80
2.1988223e-80
2.197791e-80
2.1983643e-80
2.2003803e-80
2.2010779e-80
2.1993801e-80
2.1995217e-80
2.1983146e-80
2.1986906e-80
2.197659e-80
2.1995785e-80
2.2008938e-80
2.199547e-80
2.1991147e-80
2.1976602e-80
2.2007234e-80
2.2001702e-80
2.200313e-80
2.1991936e-80
2.1997843e-80
2.1990238e-80
2.1989808e-80
2.197845e-80
2.2010904e-80
2.1999401e-80
2.1994357e-80
2.1980234e-80
2.1993922e-80
2.1989836e-80
2.1999958e-80
2.1990828e-80
2.199882e-80
2.197538e-80
2.198628e-80
2.1994415e-80
2.1988668e-80
2.1991691e-80
2.2018219e-80
2.2040259e-80
6.0566595e-85
6.0544454e-85
6.0541036e-85
6.0574475e-85
6.0584971e-85
6.0559831e-85
6.0543736e-85
6.0579068e-85
6.0604606e-85
6.0574633e-85
6.0555026e-85
6.0558135e-85
6.0528783e-85
6.0538567e-85
6.059539e-85
6.0619053e-85
6.0563439e-85
6.0581682e-85
6.0541701e-85
6.0551295e-85
6.0521385e-85
6.0581117e-85
6.0617866e-85
6.0576957e-85
6.056612e-85
6.0530631e-85
6.0611149e-85
6.0601194e-85
6.0599354e-85
6.0565603e-85
6.0581726e-85
6.0564213e-85
6.0561905e-85
6.0528936e-85
6.0618977e-85
6.0585271e-85
6.0580276e-85
6.0536481e-85
6.057536e-85
6.0557257e-85
6.0581358e-85
6.0563055e-85
6.0584877e-85
6.052435e-85
6.055169e-85
6.0579548e-85
6.0552403e-85
6.056667e-85
6.0643154e-85
6.0704054e-85
1.6680172e-89
1.6675067e-89
1.6673646e-89
1.6681875e-89
1.668338e-89
1.6677024e-89
1.6673974e-89
1.6683833e-89
1.6691531e-89
1.6682987e-89
1.667729e-89
1.6678107e-89
1.6669707e-89
1.6672689e-89
1.6686689e-89
1.6695142e-89
1.6677167e-89
1.6686209e-89
1.6674424e-89
1.6674565e-89
1.6667072e-89
1.6685687e-89
1.6695933e-89
1.6685561e-89
1.6680406e-89
1.6672156e-89
1.6692538e-89
1.6690892e-89
1.6690892e-89
1.6679365e-89
1.6684333e-89
1.6680442e-89
1.6679367e-89
1.6669241e-89
1.6695212e-89
1.6685714e-89
1.6686592e-89
1.6673492e-89
1.6683266e-89
1.667631e-89
1.6682843e-89
1.6678821e-89
1.6685379e-89
1.6670277e-89
1.6676542e-89
1.6683965e-89
1.6675699e-89
1.6679656e-89
1.6702892e-89
1.6719377e-89
4.5937099e-94
4.5920598e-94
4.592313e-94
4.5944134e-94
4.5945975e-94
4.5929447e-94
4.5923962e-94
4.595016e-94
4.5968218e-94
4.5948659e-94
4.5932097e-94
4.5931307e-94
4.591242e-94
4.5916991e-94
4.5953508e-94
4.5981357e-94
4.5926622e-94
4.5956074e-94
4.5924592e-94
4.5920256e-94
4.5904803e-94
4.595677e-94
4.5985793e-94
4.5959845e-94
4.5936947e-94
4.5918817e-94
4.5968683e-94
4.5967849e-94
4.5971866e-94
4.5932575e-94
4.5948374e-94
4.5944024e-94
4.5937042e-94
4.5905664e-94
4.5982227e-94
4.5953742e-94
4.5961021e-94
4.592351e-94
4.594554e-94
4.5925357e-94
4.5944283e-94
4.5934419e-94
4.5953227e-94
4.5916912e-94
4.5927536e-94
4.5944808e-94
4.5927538e-94
4.593536e-94
4.6005013e-94
4.6050346e-94
1.2650348e-98
1.2645379e-98
1.2647644e-98
1.2654176e-98
1.2654458e-98
1.2649339e-98
1.2648134e-98
1.2655875e-98
1.2659616e-98
1.2655369e-98
1.265122e-98
1.2649518e-98
1.2646029e-98
1.264536e-98
1.2655755e-98
1.2664466e-98
1.2647501e-98
1.2657223e-98
1.2647297e-98
1.2647144e-98
1.264456e-98
1.2657142e-98
1.2665421e-98
1.2658993e-98
1.2650908e-98
1.2647079e-98
1.2659648e-98
1.2660249e-98
1.2661513e-98
1.2649691e-98
1.2654241e-98
1.2654932e-98
1.2651724e-98
1.2643213e-98
1.2664309e-98
1.2655552e-98
1.2658386e-98
1.2648566e-98
1.265371e-98
1.2648453e-98
1.2654011e-98
1.2650637e-98
1.2656171e-98
1.2647266e-98
1.264906e-98
1.2652661e-98
1.2648968e-98
1.2651222e-98
1.26713e-98
1.2684425e-98
3.483569e-103
3.4825234e-103
3.4834004e-103
3.4853275e-103
3.4852199e-103
3.4835698e-103
3.4834048e-103
3.4857408e-103
3.4867655e-103
3.4855611e-103
3.4845605e-103
3.4837125e-103
3.482914e-103
3.4827054e-103
3.4855083e-103
3.488379e-103
3.4828085e-103
3.4861762e-103
3.4829279e-103
3.4830027e-103
3.4827952e-103
3.4857402e-103
3.4882397e-103
3.4866879e-103
3.4841655e-103
3.4835543e-103
3.4867316e-103
3.4869477e-103
3.487118e-103
3.4836814e-103
3.4853372e-103
3.4853484e-103
3.484737e-103
3.4822683e-103
3.4878603e-103
3.4853456e-103
3.4861955e-103
3.4838155e-103
3.4850905e-103
3.483446e-103
3.485228e-103
3.484329e-103
3.4858276e-103
3.4834372e-103
3.4838875e-103
3.4845249e-103
3.48377e-103
3.4843714e-103
3.4900972e-103
3.4938935e-103
9.5931745e-108
9.5914665e-108
9.5945486e-108
9.5999732e-108
9.5989387e-108
9.5941558e-108
9.5936784e-108
9.6008408e-108
9.6036957e-108
9.6001568e-108
9.5969506e-108
9.5942376e-108
9.5918648e-108
9.5911089e-108
9.5995133e-108
9.6081985e-108
9.5912609e-108
9.6021838e-108
9.5923285e-108
9.5919102e-108
9.5921085e-108
9.5993373e-108
9.6069254e-108
9.6033855e-108
9.5958365e-108
9.5951363e-108
9.603772e-108
9.6046086e-108
9.6032873e-108
9.5936792e-108
9.6000708e-108
9.5983842e-108
9.5983329e-108
9.590352e-108
9.6062071e-108
9.5991025e-108
9.6014807e-108
9.5954042e-108
9.5983556e-108
9.5928634e-108
9.5995635e-108
9.5977087e-108
9.6010354e-108
9.5938707e-108
9.5953925e-108
9.5966199e-108
9.5958801e-108
9.5963418e-108
9.613699e-108
9.6238428e-108
2.6418606e-112
2.6415623e-112
2.6425527e-112
2.644232e-112
2.6439041e-112
2.6423748e-112
2.642189e-112
2.6443919e-112
2.6452087e-112
2.6442435e-112
2.6432021e-112
2.6424112e-112
2.6415315e-112
2.6410886e-112
2.6436789e-112
2.6463558e-112
2.6414671e-112
2.6448434e-112
2.6418611e-112
2.6418371e-112
2.6418128e-112
2.643496e-112
2.6458131e-112
2.6450361e-112
2.6427473e-112
2.6426025e-112
2.6452912e-112
2.6454743e-112
2.6446386e-112
2.6420828e-112
2.6443188e-112
2.6434093e-112
2.6435278e-112
2.6411451e-112
2.6458388e-112
2.6436122e-112
2.6445824e-112
2.6429133e-112
2.6434538e-112
2.6418569e-112
2.6441339e-112
2.6434745e-112
2.6443461e-112
2.642222e-112
2.6427431e-112
2.6430325e-112
2.643138e-112
2.6430337e-112
2.6483467e-112
2.6508573e-112
7.2756692e-117
7.2751073e-117
7.2776844e-117
7.2826312e-117
7.2826983e-117
7.2771523e-117
7.2770544e-117
7.2831632e-117
7.2861971e-117
7.28317e-117
7.2801911e-117
7.2777677e-117
7.2754939e-117
7.2732161e-117
7.2804136e-117
7.2892794e-117
7.2749379e-117
7.284523e-117
7.2758214e-117
7.2766964e-117
7.2758241e-117
7.2802023e-117
7.2872554e-117
7.2847367e-117
7.2782006e-117
7.278006e-117
7.285967e-117
7.2859511e-117
7.2831022e-117
7.2767244e-117
7.2844483e-117
7.2803744e-117
7.2803082e-117
7.2735065e-117
7.2871191e-117
7.280227e-117
7.2841684e-117
7.2798748e-117
7.2804597e-117
7.2762049e-117
7.28281e-117
7.2806996e-117
7.2830086e-117
7.2774342e-117
7.2781403e-117
7.279519e-117
7.2803914e-117
7.2803574e-117
7.2951642e-117
7.3011612e-117
2.0037393e-121
2.0037255e-121
2.0044514e-121
2.0056039e-121
2.0059996e-121
2.004257e-121
2.004266e-121
2.0059223e-121
2.0069596e-121
2.0061465e-121
2.0050528e-121
2.0044514e-121
2.0039476e-121
2.0030773e-121
2.0050457e-121
2.0078879e-121
2.0037112e-121
2.0062209e-121
2.0038478e-121
2.0042989e-121
2.0039035e-121
2.0050976e-121
2.0072252e-121
2.0061077e-121
2.0044785e-121
2.004556e-121
2.0066738e-121
2.006626e-121
2.0057625e-121
2.0041788e-121
2.0067055e-121
2.0050846e-121
2.0049732e-121
2.0030911e-121
2.0069594e-121
2.0050338e-121
2.0062071e-121
2.0052806e-121
2.0051312e-121
2.004024e-121
2.0059648e-121
2.0053253e-121
2.0058314e-121
2.0045216e-121
2.0043376e-121
2.0049846e-121
2.0053557e-121
2.005576e-121
2.0093892e-121
2.0108955e-121
5.5185525e-126
5.518645e-126
5.5212932e-126
5.5234169e-126
5.5251544e-126
5.5205453e-126
5.5204329e-126
5.5251175e-126
5.5281555e-126
5.5259253e-126
5.5223637e-126
5.5204231e-126
5.5190714e-126
5.5167933e-126
5.5223752e-126
5.5307009e-126
5.5190037e-126
5.5252612e-126
5.5193215e-126
5.5207674e-126
5.5198425e-126
5.5222736e-126
5.5284151e-126
5.5244925e-126
5.5206076e-126
5.5210895e-126
5.5268179e-126
5.5266542e-126
5.5241439e-126
5.5198345e-126
5.5276454e-126
5.5221553e-126
5.5216664e-126
5.516436e-126
5.5274362e-126
5.5220812e-126
5.5253399e-126
5.5235093e-126
5.5221497e-126
5.5196963e-126
5.5251887e-126
5.5229867e-126
5.5242494e-126
5.5212972e-126
5.519708e-126
5.52263e-126
5.52349e-126
5.5248439e-126
5.534545e-126
5.5384593e-126
1.5199517e-130
1.5199186e-130
1.520842e-130
1.5212576e-130
1.5218013e-130
1.5204704e-130
1.5206311e-130
1.5218959e-130
1.5227158e-130
1.5220073e-130
1.5210652e-130
1.5203358e-130
1.5199884e-130
1.5195086e-130
1.5210571e-130
1.5233539e-130
1.5202419e-130
1.5216784e-130
1.520259e-130
1.5207635e-130
1.5205557e-130
1.5209076e-130
1.522593e-130
1.52153e-130
1.5204727e-130
1.5205911e-130
1.5222673e-130
1.5221282e-130
1.5214026e-130
1.5204052e-130
1.5225858e-130
1.5209286e-130
1.5206965e-130
1.5191798e-130
1.5223216e-130
1.5208024e-130
1.5217591e-130
1.5213959e-130
1.5208513e-130
1.5204568e-130
1.5218111e-130
1.5211322e-130
1.5215476e-130
1.5207616e-130
1.5200984e-130
1.5211481e-130
1.5213587e-130
1.521799e-130
1.5244752e-130
1.5254096e-130
4.1859964e-135
4.1861925e-135
4.1890259e-135
4.1901369e-135
4.1916467e-135
4.1874312e-135
4.1883909e-135
4.1919526e-135
4.1942395e-135
4.1922947e-135
4.1894609e-135
4.1871682e-135
4.1862343e-135
4.185135e-135
4.189518e-135
4.1960256e-135
4.1876719e-135
4.1911528e-135
4.1871411e-135
4.1890629e-135
4.1885132e-135
4.1888745e-135
4.1937551e-135
4.1908904e-135
4.1875008e-135
4.1879675e-135
4.1929412e-135
4.1922132e-135
4.1901389e-135
4.1878599e-135
4.1937836e-135
4.189057e-135
4.1882777e-135
4.1838018e-135
4.1926294e-135
4.1885275e-135
4.1914585e-135
4.190438e-135
4.1888911e-135
4.1883755e-135
4.1915008e-135
4.1895924e-135
4.1911309e-135
4.1888598e-135
4.1865158e-135
4.1896361e-135
4.1903776e-135
4.1914307e-135
4.1991738e-135
4.20143e-135
1.1527182e-139
1.1529777e-139
1.1537966e-139
1.1541992e-139
1.1545082e-139
1.1533104e-139
1.153636e-139
1.1545944e-139
1.1552588e-139
1.1548092e-139
1.1538987e-139
1.1531923e-139
1.1530248e-139
1.1526394e-139
1.1539024e-139
1.155822e-139
1.1534915e-139
1.1544814e-139
1.1532157e-139
1.1538906e-139
1.1536736e-139
1.1537015e-139
1.1551326e-139
1.1542845e-139
1.1532772e-139
1.1535106e-139
1.1548943e-139
1.1546651e-139
1.1541153e-139
1.1533303e-139
1.1550838e-139
1.1538348e-139
1.1535969e-139
1.1522723e-139
1.1546732e-139
1.1536368e-139
1.1545473e-139
1.1542135e-139
1.1537635e-139
1.1537233e-139
1.1544807e-139
1.1539681e-139
1.1544111e-139
1.1538069e-139
1.1530432e-139
1.1539273e-139
1.1542722e-139
1.1544564e-139
1.1566393e-139
1.1572118e-139
3.1743597e-144
3.1756199e-144
3.1779098e-144
3.1793552e-144
3.1797812e-144
3.1767991e-144
3.1779732e-144
3.1803426e-144
3.1821417e-144
3.1810958e-144
3.1782619e-144
3.1761199e-144
3.1760557e-144
3.1746732e-144
3.1781201e-144
3.1839316e-144
3.1773431e-144
3.1802068e-144
3.1763745e-144
3.1784757e-144
3.1778656e-144
3.1777514e-144
3.1816639e-144
3.1791912e-144
3.1763414e-144
3.177257e-144
3.1812458e-144
3.180368e-144
3.1789657e-144
3.1764394e-144
3.1816383e-144
3.1783696e-144
3.1775579e-144
3.173576e-144
3.1803216e-144
3.1776126e-144
3.1801714e-144
3.1794845e-144
3.1781097e-144
3.1781512e-144
3.1801158e-144
3.1786877e-144
3.1797135e-144
3.1778886e-144
3.1760096e-144
3.1782584e-144
3.1797508e-144
3.1800696e-144
3.1859755e-144
3.1875432e-144
8.7638774e-149
8.7661805e-149
8.7726576e-149
8.7768957e-149
8.7777859e-149
8.7703226e-149
8.7736287e-149
8.7809403e-149
8.7849717e-149
8.7822924e-149
8.7741152e-149
8.7674851e-149
8.7679288e-149
8.7639714e-149
8.7731849e-149
8.7904191e-149
8.7716226e-149
8.7799591e-149
8.7680968e-149
8.7748022e-149
8.7741103e-149
8.7728798e-149
8.7829881e-149
8.7763081e-149
8.7681225e-149
8.7709601e-149
8.7832522e-149
8.7791387e-149
8.7753003e-149
8.7688416e-149
8.7839192e-149
8.7742975e-149
8.7719445e-149
8.7600327e-149
8.7799908e-149
8.7719399e-149
8.7793409e-149
8.7785235e-149
8.7742258e-149
8.7747008e-149
8.7794735e-149
8.7756794e-149
8.7778652e-149
8.7723554e-149
8.7688549e-149
8.7736707e-149
8.7783683e-149
8.7798057e-149
8.7955329e-149
8.7990656e-149
2.8126952e-153
2.7769987e-153
2.7747311e-153
2.7746766e-153
2.7745255e-153
2.7723133e-153
2.7730168e-153
2.775272e-153
2.7760053e-153
2.7752588e-153
2.7730111e-153
2.7710502e-153
2.771191e-153
2.7701442e-153
2.7724208e-153
2.7774836e-153
2.7722255e-153
2.7744631e-153
2.7708491e-153
2.7730828e-153
2.7731694e-153
2.7725649e-153
2.7750897e-153
2.7734989e-153
2.7710904e-153
2.7718354e-153
2.7754461e-153
2.7739701e-153
2.7729869e-153
2.7714055e-153
2.7755966e-153
2.7727772e-153
2.7721373e-153
2.768591e-153
2.7745569e-153
2.772043e-153
2.7742877e-153
2.7742905e-153
2.7728299e-153
2.7732152e-153
2.7742621e-153
2.7733765e-153
2.7737287e-153
2.7722572e-153
2.7716558e-153
2.7725148e-153
2.7739254e-153
2.7746469e-153
2.7787741e-153
2.7540536e-153
8.3570171e-157
7.6308892e-157
7.5465899e-157
7.5248111e-157
7.5158559e-157
7.5107057e-157
7.5081823e-157
7.506979e-157
7.5058164e-157
7.5046579e-157
7.503303e-157
7.5022093e-157
7.5018202e-157
7.5012248e-157
7.5014827e-157
7.5027272e-157
7.5011615e-157
7.5015874e-157
7.5004316e-157
7.5010355e-157
7.5010396e-157
7.5007426e-157
7.5012963e-157
7.5008963e-157
7.5001395e-157
7.5002726e-157
7.5012673e-157
7.5008024e-157
7.5004695e-157
7.5000359e-157
7.501165e-157
7.5003314e-157
7.5000707e-157
7.4990463e-157
7.5007488e-157
7.4999747e-157
7.5006057e-157
7.5006431e-157
7.5001875e-157
7.5003479e-157
7.5006393e-157
7.50039e-157
7.5004382e-157
7.5000863e-157
7.5000569e-157
7.5001489e-157
7.5005947e-157
7.5009459e-157
7.5011944e-157
6.9852286e-157
1.5456521e-159
1.3954241e-159
1.3778824e-159
1.3733392e-159
1.3714789e-159
1.3705159e-159
1.3699398e-159
1.3695596e-159
1.3692897e-159
1.36909e-159
1.3689371e-159
1.3688189e-159
1.368728e-159
1.3686556e-159
1.3686004e-159
1.3685597e-159
1.3685203e-159
1.3684936e-159
1.3684677e-159
1.3684513e-159
1.3684363e-159
1.3684225e-159
1.3684126e-159
1.3684014e-159
1.3683896e-159
1.3683806e-159
1.368374e-159
1.3683635e-159
1.3683534e-159
1.368343e-159
1.3683375e-159
1.3683267e-159
1.3683181e-159
1.3683085e-159
1.3683074e-159
1.3683004e-159
1.3682987e-159
1.3682968e-159
1.3682948e-159
1.3682959e-159
1.3682987e-159
1.3683006e-159
1.3683042e-159
1.3683076e-159
1.3683124e-159
1.3683166e-159
1.3683248e-159
1.3683297e-159
1.368149e-159
1.2614198e-159
3.2555045e-162
2.9296989e-162
2.8916804e-162
2.8818367e-162
2.8778078e-162
2.8757263e-162
2.8744791e-162
2.8736547e-162
2.8730727e-162
2.8726438e-162
2.8723187e-162
2.8720677e-162
2.8718718e-162
2.8717176e-162
2.8715958e-162
2.8714993e-162
2.8714223e-162
2.871361e-162
2.8713115e-162
2.8712714e-162
2.8712381e-162
2.8712098e-162
2.871185e-162
2.8711623e-162
2.8711408e-162
2.87112e-162
2.8710996e-162
2.8710791e-162
2.8710588e-162
2.8710387e-162
2.8710194e-162
2.8710009e-162
2.8709838e-162
2.8709685e-162
2.8709556e-162
2.870945e-162
2.8709372e-162
2.8709323e-162
2.8709302e-162
2.8709312e-162
2.8709347e-162
2.8709403e-162
2.8709476e-162
2.8709562e-162
2.8709656e-162
2.870975e-162
2.8709894e-162
2.870997e-162
2.8705663e-162
2.639273e-162
7.1754642e-165
6.4386007e-165
6.3526709e-165
6.3304289e-165
6.3213282e-165
6.3166298e-165
6.3138177e-165
6.3119613e-165
6.3106525e-165
6.3096889e-165
6.308959e-165
6.308396e-165
6.3079561e-165
6.30761e-165
6.3073362e-165
6.3071189e-165
6.3069457e-165
6.3068072e-165
6.3066953e-165
6.3066042e-165
6.3065284e-165
6.3064639e-165
6.3064072e-165
6.3063554e-165
6.3063064e-165
6.3062589e-165
6.3062121e-165
6.3061657e-165
6.3061196e-165
6.3060741e-165
6.30603e-165
6.3059882e-165
6.3059495e-165
6.3059148e-165
6.3058849e-165
6.3058606e-165
6.3058423e-165
6.3058305e-165
6.305825e-165
6.305826e-165
6.3058328e-165
6.3058442e-165
6.3058595e-165
6.3058776e-165
6.3058974e-165
6.3059173e-165
6.3059483e-165
6.305964e-165
6.3049142e-165
5.7821197e-165
1.6454089e-167
1.4722846e-167
1.4521076e-167
1.4468867e-167
1.4447511e-167
1.4436493e-167
1.4429905e-167
1.4425561e-167
1.4422503e-167
1.4420253e-167
1.441855e-167
1.4417237e-167
1.4416211e-167
1.4415403e-167
1.4414764e-167
1.4414256e-167
1.441385e-167
1.4413525e-167
1.4413262e-167
1.4413048e-167
1.4412869e-167
1.4412716e-167
1.4412581e-167
1.4412458e-167
1.4412342e-167
1.441223e-167
1.4412119e-167
1.4412009e-167
1.4411901e-167
1.4411793e-167
1.441169e-167
1.4411591e-167
1.44115e-167
1.4411418e-167
1.4411347e-167
1.4411289e-167
1.4411244e-167
1.4411215e-167
1.44112e-167
1.44112e-167
1.4411213e-167
1.4411238e-167
1.4411271e-167
1.441131e-167
1.4411354e-167
1.4411397e-167
1.4411467e-167
1.4411501e-167
1.4408856e-167
1.3181386e-167
3.9109718e-170
3.4900376e-170
3.4410046e-170
3.4283217e-170
3.423135e-170
3.4204606e-170
3.4188633e-170
3.4178113e-170
3.4170713e-170
3.4165275e-170
3.4161161e-170
3.415799e-170
3.4155513e-170
3.4153562e-170
3.4152017e-170
3.4150788e-170
3.4149807e-170
3.4149018e-170
3.414838e-170
3.4147857e-170
3.414742e-170
3.4147047e-170
3.4146718e-170
3.4146417e-170
3.4146133e-170
3.4145858e-170
3.4145589e-170
3.4145321e-170
3.4145056e-170
3.4144796e-170
3.4144544e-170
3.4144304e-170
3.4144082e-170
3.4143882e-170
3.4143709e-170
3.4143566e-170
3.4143456e-170
3.4143381e-170
3.4143342e-170
3.4143338e-170
3.4143365e-170
3.4143418e-170
3.4143492e-170
3.4143582e-170
3.4143682e-170
3.4143782e-170
3.4143944e-170
3.414402e-170
3.4137152e-170
3.1154421e-170
9.6030007e-173
8.5469569e-173
8.4240008e-173
8.3922087e-173
8.3792107e-173
8.3725126e-173
8.3685158e-173
8.3658862e-173
8.3640384e-173
8.3626817e-173
8.3616562e-173
8.3608658e-173
8.3602486e-173
8.3597624e-173
8.3593772e-173
8.3590705e-173
8.3588253e-173
8.3586281e-173
8.3584682e-173
8.358337e-173
8.3582273e-173
8.3581334e-173
8.3580506e-173
8.3579749e-173
8.3579035e-173
8.3578345e-173
8.3577668e-173
8.3576998e-173
8.3576335e-173
8.3575684e-173
8.3575054e-173
8.3574455e-173
8.3573899e-173
8.3573399e-173
8.3572964e-173
8.3572603e-173
8.3572324e-173
8.3572132e-173
8.3572026e-173
8.3572006e-173
8.3572065e-173
8.3572187e-173
8.3572361e-173
8.3572574e-173
8.3572812e-173
8.3573051e-173
8.3573442e-173
8.3573617e-173
8.3555283e-173
7.607685e-173
2.4290652e-175
2.1564585e-175
2.1247318e-175
2.1165316e-175
2.1131799e-175
2.1114537e-175
2.1104245e-175
2.109748e-175
2.1092732e-175
2.1089248e-175
2.1086617e-175
2.1084589e-175
2.1083006e-175
2.1081759e-175
2.1080771e-175
2.1079983e-175
2.1079353e-175
2.1078846e-175
2.1078434e-175
2.1078096e-175
2.1077813e-175
2.107757e-175
2.1077356e-175
2.1077161e-175
2.1076976e-175
2.1076798e-175
2.1076624e-175
2.1076452e-175
2.1076281e-175
2.1076114e-175
2.1075953e-175
2.1075799e-175
2.1075656e-175
2.1075528e-175
2.1075416e-175
2.1075323e-175
2.107525e-175
2.10752e-175
2.1075171e-175
2.1075165e-175
2.1075178e-175
2.1075207e-175
2.1075249e-175
2.1075302e-175
2.107536e-175
2.1075419e-175
2.1075517e-175
2.1075559e-175
2.1070539e-175
1.9141169e-175
6.3139815e-178
5.5915087e-178
5.5074569e-178
5.4857413e-178
5.4768675e-178
5.4722997e-178
5.4695785e-178
5.4677918e-178
5.4665387e-178
5.4656201e-178
5.4649266e-178
5.4643926e-178
5.4639756e-178
5.4636472e-178
5.4633868e-178
5.4631793e-178
5.4630131e-178
5.4628792e-178
5.4627704e-178
5.4626809e-178
5.4626059e-178
5.4625416e-178
5.4624849e-178
5.4624331e-178
5.4623843e-178
5.4623372e-178
5.4622912e-178
5.4622458e-178
5.4622009e-178
5.4621569e-178
5.4621143e-178
5.4620739e-178
5.4620364e-178
5.4620026e-178
5.4619731e-178
5.4619485e-178
5.4619293e-178
5.4619158e-178
5.461908e-178
5.4619059e-178
5.4619089e-178
5.4619162e-178
5.4619268e-178
5.4619401e-178
5.461955e-178
5.46197e-178
5.4619953e-178
5.4620055e-178
5.4605986e-178
4.9495764e-178
1.6828317e-180
1.4866818e-180
1.4638694e-180
1.4579781e-180
1.4555713e-180
1.454333e-180
1.4535959e-180
1.4531123e-180
1.4527735e-180
1.4525253e-180
1.452338e-180
1.4521939e-180
1.4520813e-180
1.4519927e-180
1.4519224e-180
1.4518663e-180
1.4518214e-180
1.4517852e-180
1.4517558e-180
1.4517315e-180
1.4517112e-180
1.4516938e-180
1.4516784e-180
1.4516644e-180
1.4516511e-180
1.4516384e-180
1.451626e-180
1.4516137e-180
1.4516016e-180
1.4515898e-180
1.4515783e-180
1.4515674e-180
1.4515573e-180
1.4515482e-180
1.4515403e-180
1.4515336e-180
1.4515284e-180
1.4515247e-180
1.4515226e-180
1.4515219e-180
1.4515227e-180
1.4515245e-180
1.4515273e-180
1.4515307e-180
1.4515347e-180
1.4515386e-180
1.4515453e-180
1.4515478e-180
1.4511449e-180
1.3124851e-180
4.5901045e-183
4.0455569e-183
3.9822438e-183
3.9659001e-183
3.9592247e-183
3.9557918e-183
3.9537498e-183
3.9524114e-183
3.9514743e-183
3.9507885e-183
3.9502713e-183
3.9498733e-183
3.9495626e-183
3.949318e-183
3.9491239e-183
3.9489691e-183
3.9488451e-183
3.948745e-183
3.9486635e-183
3.9485964e-183
3.9485401e-183
3.9484918e-183
3.9484491e-183
3.9484102e-183
3.9483737e-183
3.9483385e-183
3.9483041e-183
3.9482703e-183
3.948237e-183
3.9482044e-183
3.9481729e-183
3.9481429e-183
3.9481152e-183
3.9480901e-183
3.9480682e-183
3.9480499e-183
3.9480355e-183
3.9480253e-183
3.9480192e-183
3.9480173e-183
3.9480191e-183
3.9480239e-183
3.9480313e-183
3.9480406e-183
3.9480511e-183
3.9480616e-183
3.9480798e-183
3.9480864e-183
3.9469092e-183
3.5621824e-183
1.27901e-185
1.1246809e-185
1.106742e-185
1.1021133e-185
1.1002231e-185
1.0992516e-185
1.0986741e-185
1.0982958e-185
1.0980312e-185
1.0978377e-185
1.0976919e-185
1.0975797e-185
1.0974921e-185
1.0974231e-185
1.0973684e-185
1.0973248e-185
1.0972898e-185
1.0972615e-185
1.0972385e-185
1.0972196e-185
1.0972036e-185
1.09719e-185
1.0971779e-185
1.0971669e-185
1.0971566e-185
1.0971467e-185
1.097137e-185
1.0971275e-185
1.0971181e-185
1.097109e-185
1.0971001e-185
1.0970917e-185
1.0970839e-185
1.0970769e-185
1.0970707e-185
1.0970656e-185
1.0970616e-185
1.0970587e-185
1.0970569e-185
1.0970563e-185
1.0970568e-185
1.0970581e-185
1.0970601e-185
1.0970627e-185
1.0970655e-185
1.0970685e-185
1.0970735e-185
1.0970752e-185
1.0967249e-185
9.8775268e-186
3.6349857e-188
3.1891789e-188
3.1373703e-188
3.1240082e-188
3.1185532e-188
3.1157504e-188
3.1140854e-188
3.1129958e-188
3.1122342e-188
3.1116775e-188
3.1112582e-188
3.1109357e-188
3.1106841e-188
3.110486e-188
3.1103288e-188
3.1102034e-188
3.1101027e-188
3.1100214e-188
3.1099552e-188
3.1099006e-188
3.1098547e-188
3.1098153e-188
3.1097806e-188
3.109749e-188
3.1097192e-188
3.1096907e-188
3.1096629e-188
3.1096357e-188
3.1096088e-188
3.1095826e-188
3.1095573e-188
3.1095333e-188
3.109511e-188
3.1094909e-188
3.1094733e-188
3.1094585e-188
3.1094469e-188
3.1094386e-188
3.1094336e-188
3.1094318e-188
3.109433e-188
3.1094366e-188
3.1094422e-188
3.1094493e-188
3.1094575e-188
3.1094656e-188
3.10948e-188
3.1094845e-188
3.1084238e-188
2.7938158e-188
1.0521545e-190
9.2107804e-191
9.0584805e-191
9.0192184e-191
9.0031934e-191
8.9949629e-191
8.990077e-191
8.9868818e-191
8.98465e-191
8.9830198e-191
8.9817924e-191
8.9808489e-191
8.980113e-191
8.9795334e-191
8.9790735e-191
8.9787065e-191
8.9784119e-191
8.9781738e-191
8.9779797e-191
8.9778196e-191
8.9776851e-191
8.9775697e-191
8.9774679e-191
8.9773752e-191
8.9772882e-191
8.9772048e-191
8.9771237e-191
8.9770441e-191
8.9769659e-191
8.9768895e-191
8.9768158e-191
8.9767459e-191
8.9766811e-191
8.9766225e-191
8.9765713e-191
8.9765284e-191
8.9764945e-191
8.9764701e-191
8.9764553e-191
8.9764499e-191
8.9764531e-191
8.9764634e-191
8.9764794e-191
8.9764997e-191
8.976523e-191
8.9765464e-191
8.9765877e-191
8.9765998e-191
8.973337e-191
8.0488362e-191
3.0976292e-193
2.7058556e-193
2.6603414e-193
2.6486135e-193
2.6438278e-193
2.6413708e-193
2.6399131e-193
2.6389605e-193
2.6382956e-193
2.6378102e-193
2.637445e-193
2.6371643e-193
2.6369454e-193
2.636773e-193
2.6366362e-193
2.636527e-193
2.6364394e-193
2.6363685e-193
2.6363107e-193
2.636263e-193
2.6362229e-193
2.6361885e-193
2.6361581e-193
2.6361305e-193
2.6361046e-193
2.6360799e-193
2.6360558e-193
2.6360322e-193
2.636009e-193
2.6359864e-193
2.6359646e-193
2.6359439e-193
2.6359248e-193
2.6359074e-193
2.6358923e-193
2.6358796e-193
2.6358695e-193
2.6358623e-193
2.6358579e-193
2.6358562e-193
2.6358571e-193
2.6358601e-193
2.6358647e-193
2.6358706e-193
2.6358774e-193
2.6358842e-193
2.6358964e-193
2.6358996e-193
2.634881e-193
2.3587082e-193
9.2644846e-196
8.0755315e-196
7.9374219e-196
7.901851e-196
7.8873392e-196
7.8798916e-196
7.8754755e-196
7.8725915e-196
7.8705799e-196
7.8691123e-196
7.8680084e-196
7.8671604e-196
7.8664992e-196
7.8659786e-196
7.8655654e-196
7.8652355e-196
7.8649706e-196
7.8647564e-196
7.8645816e-196
7.8644372e-196
7.8643159e-196
7.8642118e-196
7.86412e-196
7.8640366e-196
7.8639584e-196
7.8638836e-196
7.863811e-196
7.8637399e-196
7.8636702e-196
7.8636023e-196
7.8635367e-196
7.8634747e-196
7.8634171e-196
7.8633651e-196
7.8633196e-196
7.8632815e-196
7.8632513e-196
7.8632295e-196
7.8632161e-196
7.863211e-196
7.8632134e-196
7.8632221e-196
7.8632358e-196
7.8632534e-196
7.8632735e-196
7.8632938e-196
7.8633301e-196
7.8633389e-196
7.8601149e-196
7.0224409e-196
2.8117137e-198
2.4457441e-198
2.4032367e-198
2.3922939e-198
2.3878305e-198
2.3855407e-198
2.3841837e-198
2.3832981e-198
2.3826807e-198
2.3822306e-198
2.3818921e-198
2.3816323e-198
2.3814297e-198
2.3812701e-198
2.3811435e-198
2.3810424e-198
2.3809612e-198
2.3808955e-198
2.3808419e-198
2.3807976e-198
2.3807604e-198
2.3807284e-198
2.3807003e-198
2.3806747e-198
2.3806507e-198
2.3806279e-198
2.3806057e-198
2.380584e-198
2.3805627e-198
2.380542e-198
2.380522e-198
2.3805031e-198
2.3804856e-198
2.3804697e-198
2.3804559e-198
2.3804443e-198
2.3804351e-198
2.3804284e-198
2.3804243e-198
2.3804227e-198
2.3804234e-198
2.380426e-198
2.3804301e-198
2.3804354e-198
2.3804415e-198
2.3804476e-198
2.3804586e-198
2.380461e-198
2.3794275e-198
2.1217226e-198
8.6503774e-201
7.5089531e-201
7.3763847e-201
7.3422735e-201
7.3283635e-201
7.3212295e-201
7.317004e-201
7.314248e-201
7.312328e-201
7.3109289e-201
7.3098774e-201
7.3090702e-201
7.3084411e-201
7.3079457e-201
7.3075526e-201
7.3072386e-201
7.3069864e-201
7.3067822e-201
7.3066156e-201
7.3064779e-201
7.3063621e-201
7.3062628e-201
7.3061753e-201
7.3060958e-201
7.3060215e-201
7.3059505e-201
7.3058818e-201
7.3058146e-201
7.3057488e-201
7.3056848e-201
7.3056232e-201
7.3055648e-201
7.3055108e-201
7.3054619e-201
7.3054192e-201
7.3053833e-201
7.3053549e-201
7.3053344e-201
7.3053216e-201
7.3053166e-201
7.3053187e-201
7.3053266e-201
7.3053392e-201
7.3053553e-201
7.3053739e-201
7.3053926e-201
7.3054264e-201
7.3054328e-201
7.3020799e-201
6.4987487e-201
2.6952868e-203
2.3348935e-203
2.2930379e-203
2.2822732e-203
2.2778845e-203
2.2756344e-203
2.2743023e-203
2.273434e-203
2.2728295e-203
2.2723892e-203
2.2720584e-203
2.2718046e-203
2.2716068e-203
2.271451e-203
2.2713274e-203
2.2712287e-203
2.2711493e-203
2.2710851e-203
2.2710327e-203
2.2709894e-203
2.2709529e-203
2.2709216e-203
2.2708941e-203
2.2708691e-203
2.2708458e-203
2.2708235e-203
2.2708019e-203
2.2707809e-203
2.2707603e-203
2.2707403e-203
2.270721e-203
2.2707028e-203
2.2706859e-203
2.2706707e-203
2.2706573e-203
2.2706461e-203
2.2706372e-203
2.2706308e-203
2.2706268e-203
2.2706253e-203
2.2706259e-203
2.2706283e-203
2.2706322e-203
2.2706372e-203
2.270643e-203
2.2706488e-203
2.2706593e-203
2.270661e-203
2.2695611e-203
2.0160505e-203
8.4977577e-206
7.346774e-206
7.2131013e-206
7.1787395e-206
7.1647333e-206
7.1575547e-206
7.1533069e-206
7.1505395e-206
7.1486139e-206
7.1472121e-206
7.1461595e-206
7.145352e-206
7.1447229e-206
7.1442275e-206
7.1438344e-206
7.1435203e-206
7.1432679e-206
7.1430635e-206
7.1428966e-206
7.1427586e-206
7.1426426e-206
7.142543e-206
7.1424554e-206
7.1423759e-206
7.1423017e-206
7.142231e-206
7.1421626e-206
7.1420959e-206
7.1420308e-206
7.1419675e-206
7.1419066e-206
7.141849e-206
7.1417956e-206
7.1417474e-206
7.1417053e-206
7.1416699e-206
7.1416418e-206
7.1416215e-206
7.1416089e-206
7.1416039e-206
7.1416057e-206
7.1416133e-206
7.1416255e-206
7.1416412e-206
7.1416593e-206
7.1416775e-206
7.1417106e-206
7.1417151e-206
7.1380699e-206
6.3288573e-206
2.7088446e-208
2.3373213e-208
2.2941726e-208
2.2830864e-208
2.2785685e-208
2.2762536e-208
2.2748845e-208
2.273993e-208
2.273373e-208
2.2729219e-208
2.2725833e-208
2.2723236e-208
2.2721214e-208
2.2719621e-208
2.2718357e-208
2.2717347e-208
2.2716535e-208
2.2715878e-208
2.2715341e-208
2.2714897e-208
2.2714524e-208
2.2714203e-208
2.2713921e-208
2.2713666e-208
2.2713427e-208
2.27132e-208
2.2712981e-208
2.2712768e-208
2.2712559e-208
2.2712357e-208
2.2712162e-208
2.2711978e-208
2.2711808e-208
2.2711654e-208
2.2711519e-208
2.2711406e-208
2.2711317e-208
2.2711252e-208
2.2711211e-208
2.2711195e-208
2.2711201e-208
2.2711225e-208
2.2711264e-208
2.2711313e-208
2.2711371e-208
2.2711429e-208
2.2711534e-208
2.2711546e-208
2.2699347e-208
2.0088658e-208
8.724063e-211
7.5128747e-211
7.3722019e-211
7.3360767e-211
7.321358e-211
7.3138186e-211
7.3093613e-211
7.3064607e-211
7.3044445e-211
7.3029782e-211
7.301878e-211
7.3010344e-211
7.3003775e-211
7.2998603e-211
7.2994499e-211
7.2991219e-211
7.2988582e-211
7.2986446e-211
7.29847e-211
7.2983257e-211
7.2982043e-211
7.2981002e-211
7.2980086e-211
7.2979257e-211
7.2978483e-211
7.2977747e-211
7.2977038e-211
7.2976347e-211
7.2975674e-211
7.2975019e-211
7.297439e-211
7.2973797e-211
7.2973247e-211
7.2972751e-211
7.2972317e-211
7.2971953e-211
7.2971664e-211
7.2971454e-211
7.2971324e-211
7.2971271e-211
7.2971289e-211
7.2971366e-211
7.297149e-211
7.297165e-211
7.2971835e-211
7.2972021e-211
7.297236e-211
7.2972386e-211
7.29312e-211
6.4424557e-211
2.8366312e-213
2.4381125e-213
2.3918237e-213
2.3799427e-213
2.3751029e-213
2.3726245e-213
2.3711599e-213
2.3702073e-213
2.3695455e-213
2.3690644e-213
2.3687035e-213
2.3684269e-213
2.3682116e-213
2.368042e-213
2.3679075e-213
2.3677999e-213
2.3677135e-213
2.3676434e-213
2.3675862e-213
2.3675388e-213
2.367499e-213
2.3674649e-213
2.3674348e-213
2.3674076e-213
2.3673823e-213
2.3673582e-213
2.367335e-213
2.3673125e-213
2.3672905e-213
2.3672692e-213
2.3672487e-213
2.3672293e-213
2.3672114e-213
2.3671953e-213
2.3671812e-213
2.3671693e-213
2.3671599e-213
2.3671531e-213
2.3671488e-213
2.3671471e-213
2.3671477e-213
2.3671502e-213
2.3671542e-213
2.3671594e-213
2.3671654e-213
2.3671714e-213
2.3671824e-213
2.3671829e-213
2.3657807e-213
2.0860279e-213
9.3056639e-216
7.9831022e-216
7.8294704e-216
7.7900573e-216
7.7740055e-216
7.7657879e-216
7.7609337e-216
7.757778e-216
7.7555866e-216
7.7539944e-216
7.7528006e-216
7.7518858e-216
7.7511736e-216
7.750613e-216
7.7501681e-216
7.7498124e-216
7.7495264e-216
7.7492947e-216
7.7491052e-216
7.7489485e-216
7.7488168e-216
7.7487038e-216
7.7486044e-216
7.7485145e-216
7.7484309e-216
7.7483515e-216
7.7482751e-216
7.7482008e-216
7.7481284e-216
7.7480582e-216
7.7479909e-216
7.7479274e-216
7.7478686e-216
7.7478156e-216
7.7477692e-216
7.7477303e-216
7.7476994e-216
7.747677e-216
7.747663e-216
7.7476574e-216
7.7476592e-216
7.7476673e-216
7.7476805e-216
7.7476975e-216
7.7477171e-216
7.7477368e-216
7.7477729e-216
7.7477733e-216
7.7429621e-216
6.815016e-216
3.0780592e-218
2.6356287e-218
2.5842292e-218
2.5710498e-218
2.5656833e-218
2.5629367e-218
2.5613149e-218
2.5602611e-218
2.5595296e-218
2.5589984e-218
2.5586002e-218
2.5582952e-218
2.5580578e-218
2.5578709e-218
2.5577226e-218
2.557604e-218
2.5575086e-218
2.5574313e-218
2.5573682e-218
2.5573159e-218
2.5572719e-218
2.5572342e-218
2.5572011e-218
2.5571712e-218
2.5571433e-218
2.5571169e-218
2.5570915e-218
2.5570668e-218
2.5570428e-218
2.5570196e-218
2.5569973e-218
2.5569762e-218
2.5569567e-218
2.5569392e-218
2.5569239e-218
2.556911e-218
2.5569008e-218
2.5568934e-218
2.5568887e-218
2.5568869e-218
2.5568875e-218
2.5568902e-218
2.5568945e-218
2.5569001e-218
2.5569066e-218
2.5569131e-218
2.556925e-218
2.5569248e-218
2.5552621e-218
2.2449956e-218
1.0259538e-220
8.7685336e-221
8.5952926e-221
8.5508948e-221
8.5328201e-221
8.5235717e-221
8.5181129e-221
8.5145673e-221
8.5121076e-221
8.510322e-221
8.508984e-221
8.5079593e-221
8.5071618e-221
8.5065341e-221
8.5060359e-221
8.5056377e-221
8.5053173e-221
8.5050577e-221
8.5048454e-221
8.5046697e-221
8.504522e-221
8.5043954e-221
8.5042841e-221
8.5041836e-221
8.5040902e-221
8.5040017e-221
8.5039166e-221
8.5038341e-221
8.5037538e-221
8.5036761e-221
8.5036017e-221
8.5035315e-221
8.5034666e-221
8.503408e-221
8.503357e-221
8.503314e-221
8.50328e-221
8.5032553e-221
8.5032399e-221
8.5032336e-221
8.5032357e-221
8.5032446e-221
8.5032591e-221
8.5032778e-221
8.5032994e-221
8.5033211e-221
8.5033608e-221
8.5033585e-221
8.4975745e-221
7.4524845e-221
3.4438574e-223
2.9379534e-223
2.8791628e-223
2.8641039e-223
2.8579746e-223
2.8548391e-223
2.8529891e-223
2.851788e-223
2.8509552e-223
2.8503508e-223
2.8498981e-223
2.8495515e-223
2.8492817e-223
2.8490695e-223
2.848901e-223
2.8487663e-223
2.8486579e-223
2.8485701e-223
2.8484983e-223
2.8484388e-223
2.8483889e-223
2.848346e-223
2.8483084e-223
2.8482744e-223
2.8482429e-223
2.8482131e-223
2.8481844e-223
2.8481566e-223
2.8481296e-223
2.8481035e-223
2.8480784e-223
2.8480549e-223
2.8480331e-223
2.8480134e-223
2.8479963e-223
2.8479819e-223
2.8479705e-223
2.8479622e-223
2.8479571e-223
2.847955e-223
2.8479557e-223
2.8479586e-223
2.8479635e-223
2.8479698e-223
2.847977e-223
2.8479843e-223
2.8479977e-223
2.8479964e-223
2.845972e-223
2.4915423e-223
1.163542e-225
9.9081057e-226
9.7073404e-226
9.6559426e-226
9.6350266e-226
9.6243295e-226
9.6180202e-226
9.6139257e-226
9.6110878e-226
9.6090292e-226
9.6074878e-226
9.6063078e-226
9.6053897e-226
9.6046673e-226
9.6040939e-226
9.6036356e-226
9.6032667e-226
9.6029678e-226
9.6027231e-226
9.6025207e-226
9.6023507e-226
9.6022049e-226
9.6020768e-226
9.6019613e-226
9.6018542e-226
9.6017529e-226
9.6016557e-226
9.6015615e-226
9.6014701e-226
9.6013817e-226
9.601297e-226
9.6012173e-226
9.6011437e-226
9.6010774e-226
9.6010195e-226
9.600971e-226
9.6009325e-226
9.6009046e-226
9.6008873e-226
9.6008803e-226
9.6008827e-226
9.6008929e-226
9.6009094e-226
9.6009306e-226
9.6009552e-226
9.6009798e-226
9.6010249e-226
9.6010188e-226
9.5938939e-226
8.3843463e-226
3.9545603e-228
3.3614251e-228
3.2924714e-228
3.274828e-228
3.2676495e-228
3.2639791e-228
3.2618149e-228
3.2604111e-228
3.2594385e-228
3.2587332e-228
3.2582053e-228
3.2578013e-228
3.257487e-228
3.2572397e-228
3.2570435e-228
3.2568866e-228
3.2567603e-228
3.2566579e-228
3.2565742e-228
3.2565049e-228
3.2564466e-228
3.2563967e-228
3.2563529e-228
3.2563134e-228
3.2562768e-228
3.2562423e-228
3.2562091e-228
3.256177e-228
3.2561459e-228
3.2561158e-228
3.256087e-228
3.2560599e-228
3.2560349e-228
3.2560124e-228
3.2559928e-228
3.2559763e-228
3.2559633e-228
3.2559538e-228
3.2559479e-228
3.2559456e-228
3.2559464e-228
3.2559499e-228
3.2559555e-228
3.2559627e-228
3.2559711e-228
3.2559795e-228
3.2559948e-228
3.2559921e-228
3.2534717e-228
2.8383294e-228
1.3513217e-230
1.14659e-230
1.1227841e-230
1.116696e-230
1.1142195e-230
1.1129535e-230
1.1122073e-230
1.1117235e-230
1.1113884e-230
1.1111455e-230
1.1109638e-230
1.1108247e-230
1.1107166e-230
1.1106315e-230
1.1105639e-230
1.1105099e-230
1.1104665e-230
1.1104312e-230
1.1104024e-230
1.1103786e-230
1.1103585e-230
1.1103413e-230
1.1103263e-230
1.1103127e-230
1.1103002e-230
1.1102883e-230
1.1102769e-230
1.1102659e-230
1.1102553e-230
1.110245e-230
1.1102352e-230
1.1102259e-230
1.1102174e-230
1.1102097e-230
1.110203e-230
1.1101974e-230
1.1101929e-230
1.1101897e-230
1.1101877e-230
1.110187e-230
1.1101872e-230
1.1101885e-230
1.1101904e-230
1.1101929e-230
1.1101957e-230
1.1101986e-230
1.1102039e-230
1.1102027e-230
1.1093071e-230
9.6608094e-231
4.6401703e-233
3.9302004e-233
3.8476262e-233
3.8265202e-233
3.8179364e-233
3.8135493e-233
3.8109643e-233
3.8092888e-233
3.8081289e-233
3.8072885e-233
3.8066598e-233
3.8061788e-233
3.8058048e-233
3.8055107e-233
3.8052771e-233
3.8050905e-233
3.8049402e-233
3.8048184e-233
3.8047187e-233
3.8046362e-233
3.8045669e-233
3.8045076e-233
3.8044555e-233
3.8044087e-233
3.8043653e-233
3.8043244e-233
3.8042853e-233
3.8042475e-233
3.8042109e-233
3.8041755e-233
3.8041418e-233
3.80411e-233
3.8040807e-233
3.8040544e-233
3.8040314e-233
3.8040122e-233
3.803997e-233
3.803986e-233
3.8039793e-233
3.8039766e-233
3.8039776e-233
3.8039818e-233
3.8039885e-233
3.803997e-233
3.8040069e-233
3.8040168e-233
3.8040349e-233
3.8040302e-233
3.8008342e-233
3.3043868e-233
1.6002878e-235
1.35306e-235
1.3242982e-235
1.3169507e-235
1.313963e-235
1.3124364e-235
1.3115371e-235
1.3109545e-235
1.3105513e-235
1.3102593e-235
1.3100409e-235
1.3098738e-235
1.309744e-235
1.3096418e-235
1.3095608e-235
1.3094959e-235
1.3094438e-235
1.3094015e-235
1.3093668e-235
1.3093382e-235
1.3093142e-235
1.3092936e-235
1.3092755e-235
1.3092593e-235
1.3092443e-235
1.3092301e-235
1.3092166e-235
1.3092035e-235
1.3091909e-235
1.3091787e-235
1.3091671e-235
1.3091561e-235
1.3091461e-235
1.309137e-235
1.3091291e-235
1.3091225e-235
1.3091173e-235
1.3091135e-235
1.3091112e-235
1.3091103e-235
1.3091107e-235
1.3091122e-235
1.3091145e-235
1.3091175e-235
1.3091209e-235
1.3091243e-235
1.3091306e-235
1.3091286e-235
1.3079841e-235
1.1351901e-235
5.5402604e-238
4.6762079e-238
4.5756581e-238
4.5499855e-238
4.5395484e-238
4.5342164e-238
4.5310765e-238
4.5290429e-238
4.5276363e-238
4.5266177e-238
4.5258563e-238
4.525274e-238
4.5248214e-238
4.5244654e-238
4.5241828e-238
4.5239569e-238
4.5237751e-238
4.5236277e-238
4.523507e-238
4.5234073e-238
4.5233234e-238
4.5232517e-238
4.5231888e-238
4.5231323e-238
4.5230801e-238
4.523031e-238
4.522984e-238
4.5229387e-238
4.522895e-238
4.5228528e-238
4.5228125e-238
4.5227747e-238
4.5227398e-238
4.5227085e-238
4.5226812e-238
4.5226585e-238
4.5226405e-238
4.5226276e-238
4.5226197e-238
4.5226166e-238
4.522618e-238
4.5226232e-238
4.5226313e-238
4.5226416e-238
4.5226535e-238
4.5226655e-238
4.5226871e-238
4.5226794e-238
4.518568e-238
3.9149372e-238
1.9244785e-240
1.6215394e-240
1.5862758e-240
1.5772771e-240
1.5736194e-240
1.5717512e-240
1.5706514e-240
1.5699393e-240
1.569447e-240
1.5690906e-240
1.5688242e-240
1.5686206e-240
1.5684623e-240
1.5683378e-240
1.5682391e-240
1.5681601e-240
1.5680965e-240
1.568045e-240
1.5680028e-240
1.5679679e-240
1.5679386e-240
1.5679136e-240
1.5678916e-240
1.5678719e-240
1.5678537e-240
1.5678366e-240
1.5678202e-240
1.5678045e-240
1.5677893e-240
1.5677746e-240
1.5677607e-240
1.5677475e-240
1.5677355e-240
1.5677246e-240
1.5677152e-240
1.5677073e-240
1.5677011e-240
1.5676967e-240
1.5676939e-240
1.5676929e-240
1.5676935e-240
1.5676953e-240
1.5676981e-240
1.5677017e-240
1.5677059e-240
1.5677101e-240
1.5677176e-240
1.5677146e-240
1.5662336e-240
1.3546959e-240
6.7039932e-243
5.6390333e-243
5.5150266e-243
5.4833997e-243
5.4705469e-243
5.4639834e-243
5.4601206e-243
5.4576205e-243
5.4558924e-243
5.454642e-243
5.4537077e-243
5.4529936e-243
5.4524387e-243
5.4520023e-243
5.451656e-243
5.4513791e-243
5.4511563e-243
5.4509756e-243
5.4508277e-243
5.4507054e-243
5.4506027e-243
5.4505148e-243
5.450438e-243
5.450369e-243
5.4503054e-243
5.4502456e-243
5.4501885e-243
5.4501336e-243
5.4500806e-243
5.4500296e-243
5.4499809e-243
5.4499353e-243
5.4498934e-243
5.4498557e-243
5.4498229e-243
5.4497956e-243
5.4497741e-243
5.4497587e-243
5.4497494e-243
5.4497459e-243
5.4497478e-243
5.4497542e-243
5.4497642e-243
5.4497769e-243
5.4497915e-243
5.4498061e-243
5.4498324e-243
5.4498205e-243
5.4444744e-243
4.7011675e-243
2.3262548e-245
1.9533966e-245
1.9099652e-245
1.8988945e-245
1.8943964e-245
1.8920998e-245
1.8907485e-245
1.8898743e-245
1.8892702e-245
1.8888333e-245
1.8885069e-245
1.8882574e-245
1.8880636e-245
1.8879112e-245
1.8877903e-245
1.8876937e-245
1.8876158e-245
1.8875527e-245
1.8875011e-245
1.8874584e-245
1.8874226e-245
1.8873919e-245
1.8873651e-245
1.8873411e-245
1.8873189e-245
1.8872981e-245
1.8872783e-245
1.8872592e-245
1.8872408e-245
1.8872231e-245
1.8872063e-245
1.8871905e-245
1.887176e-245
1.8871629e-245
1.8871516e-245
1.8871422e-245
1.8871348e-245
1.8871295e-245
1.8871263e-245
1.8871251e-245
1.8871258e-245
1.8871281e-245
1.8871316e-245
1.887136e-245
1.8871411e-245
1.8871462e-245
1.8871553e-245
1.8871508e-245
1.8852295e-245
1.6251049e-245
8.0871769e-248
6.7794946e-248
6.6271178e-248
6.5882988e-248
6.5725293e-248
6.5644791e-248
6.5597442e-248
6.5566816e-248
6.5545661e-248
6.5530365e-248
6.5518941e-248
6.5510213e-248
6.5503433e-248
6.5498102e-248
6.5493872e-248
6.5490491e-248
6.5487768e-248
6.5485561e-248
6.5483755e-248
6.5482261e-248
6.5481007e-248
6.5479935e-248
6.5478999e-248
6.5478159e-248
6.5477386e-248
6.5476661e-248
6.547597e-248
6.5475306e-248
6.5474667e-248
6.5474051e-248
6.5473467e-248
6.5472918e-248
6.5472414e-248
6.5471963e-248
6.547157e-248
6.5471244e-248
6.5470988e-248
6.5470805e-248
6.5470695e-248
6.5470656e-248
6.5470682e-248
6.5470761e-248
6.5470884e-248
6.5471039e-248
6.5471217e-248
6.5471396e-248
6.5471714e-248
6.5471537e-248
6.5402404e-248
5.6283487e-248
2.8154712e-250
2.3562615e-250
2.3027321e-250
2.2891028e-250
2.2835672e-250
2.2807419e-250
2.2790805e-250
2.2780063e-250
2.2772645e-250
2.2767283e-250
2.2763279e-250
2.2760221e-250
2.2757846e-250
2.2755979e-250
2.2754497e-250
2.2753313e-250
2.2752359e-250
2.2751586e-250
2.2750953e-250
2.275043e-250
2.2749991e-250
2.2749616e-250
2.2749288e-250
2.2748994e-250
2.2748724e-250
2.2748471e-250
2.274823e-250
2.2747999e-250
2.2747776e-250
2.2747562e-250
2.2747359e-250
2.2747168e-250
2.2746993e-250
2.2746836e-250
2.27467e-250
2.2746587e-250
2.2746498e-250
2.2746435e-250
2.2746397e-250
2.2746384e-250
2.2746394e-250
2.2746422e-250
2.2746465e-250
2.2746519e-250
2.2746582e-250
2.2746644e-250
2.2746755e-250
2.2746687e-250
2.2721788e-250
1.9521015e-250
9.8112512e-253
8.1973464e-253
8.0091408e-253
7.9612485e-253
7.9418005e-253
7.9318761e-253
7.9260417e-253
7.9222704e-253
7.9196671e-253
7.9177858e-253
7.9163816e-253
7.9153091e-253
7.9144762e-253
7.9138215e-253
7.913302e-253
7.9128867e-253
7.9125524e-253
7.9122812e-253
7.9120594e-253
7.9118759e-253
7.911722e-253
7.9115905e-253
7.9114757e-253
7.9113729e-253
7.9112784e-253
7.9111899e-253
7.9111058e-253
7.9110251e-253
7.9109474e-253
7.9108728e-253
7.910802e-253
7.9107356e-253
7.9106748e-253
7.9106202e-253
7.910573e-253
7.9105337e-253
7.910503e-253
7.9104811e-253
7.910468e-253
7.9104636e-253
7.9104671e-253
7.910477e-253
7.9104921e-253
7.9105112e-253
7.910533e-253
7.9105548e-253
7.9105935e-253
7.9105675e-253
7.9015962e-253
6.7771891e-253
3.4208029e-255
2.8533659e-255
2.7871667e-255
2.7703307e-255
2.7634953e-255
2.7600077e-255
2.757958e-255
2.7566334e-255
2.7557194e-255
2.755059e-255
2.7545662e-255
2.7541899e-255
2.7538977e-255
2.7536681e-255
2.7534858e-255
2.7533401e-255
2.7532229e-255
2.7531277e-255
2.7530499e-255
2.7529855e-255
2.7529316e-255
2.7528855e-255
2.7528452e-255
2.7528092e-255
2.7527761e-255
2.7527452e-255
2.7527158e-255
2.7526876e-255
2.7526605e-255
2.7526345e-255
2.7526098e-255
2.7525867e-255
2.7525655e-255
2.7525465e-255
2.7525301e-255
2.7525164e-255
2.7525057e-255
2.7524981e-255
2.7524936e-255
2.7524921e-255
2.7524934e-255
2.7524969e-255
2.7525022e-255
2.7525088e-255
2.7525165e-255
2.7525241e-255
2.7525376e-255
2.7525277e-255
2.7492951e-255
2.354144e-255
1.1928409e-257
9.9333595e-258
9.700509e-258
9.641324e-258
9.6172994e-258
9.6050435e-258
9.5978421e-258
9.5931899e-258
9.5899805e-258
9.5876624e-258
9.5859331e-258
9.5846128e-258
9.5835877e-258
9.582782e-258
9.5821427e-258
9.5816316e-258
9.5812201e-258
9.5808863e-258
9.5806133e-258
9.5803875e-258
9.5801981e-258
9.5800363e-258
9.5798953e-258
9.579769e-258
9.5796532e-258
9.5795449e-258
9.5794421e-258
9.5793436e-258
9.579249e-258
9.5791583e-258
9.5790722e-258
9.5789917e-258
9.5789179e-258
9.5788518e-258
9.5787947e-258
9.5787472e-258
9.5787101e-258
9.5786838e-258
9.5786682e-258
9.5786631e-258
9.5786675e-258
9.5786798e-258
9.5786984e-258
9.5787217e-258
9.5787484e-258
9.5787752e-258
9.5788222e-258
9.5787847e-258
9.5671408e-258
8.1784801e-258
4.1583285e-260
3.4571636e-260
3.3752909e-260
3.3544929e-260
3.3460521e-260
3.3417468e-260
3.3392176e-260
3.3375841e-260
3.3364576e-260
3.3356442e-260
3.3350374e-260
3.3345743e-260
3.3342148e-260
3.3339322e-260
3.333708e-260
3.3335287e-260
3.3333843e-260
3.3332672e-260
3.3331715e-260
3.3330922e-260
3.3330258e-260
3.332969e-260
3.3329196e-260
3.3328753e-260
3.3328348e-260
3.3327968e-260
3.3327609e-260
3.3327265e-260
3.3326934e-260
3.3326618e-260
3.3326317e-260
3.3326037e-260
3.3325779e-260
3.3325549e-260
3.332535e-260
3.3325185e-260
3.3325056e-260
3.3324964e-260
3.332491e-260
3.3324892e-260
3.3324908e-260
3.3324951e-260
3.3325015e-260
3.3325097e-260
3.332519e-260
3.3325283e-260
3.3325447e-260
3.3325305e-260
3.3283395e-260
2.8405237e-260
1.4487043e-262
1.2024619e-262
1.1736955e-262
1.1663924e-262
1.1634289e-262
1.1619176e-262
1.16103e-262
1.1604569e-262
1.1600618e-262
1.1597766e-262
1.1595639e-262
1.1594015e-262
1.1592755e-262
1.1591765e-262
1.1590979e-262
1.1590351e-262
1.1589845e-262
1.1589434e-262
1.1589099e-262
1.1588821e-262
1.1588588e-262
1.1588389e-262
1.1588216e-262
1.1588061e-262
1.1587919e-262
1.1587786e-262
1.158766e-262
1.158754e-262
1.1587425e-262
1.1587315e-262
1.158721e-262
1.1587112e-262
1.1587022e-262
1.1586942e-262
1.1586873e-262
1.1586815e-262
1.158677e-262
1.1586739e-262
1.158672e-262
1.1586714e-262
1.1586719e-262
1.1586734e-262
1.1586757e-262
1.1586785e-262
1.1586818e-262
1.158685e-262
1.1586907e-262
1.1586854e-262
1.1571785e-262
9.859457e-263
5.0422293e-265
4.1783716e-265
4.077406e-265
4.051788e-265
4.0413949e-265
4.0360954e-265
4.0329835e-265
4.0309749e-265
4.0295903e-265
4.0285911e-265
4.0278461e-265
4.0272776e-265
4.0268363e-265
4.0264895e-265
4.0262143e-265
4.0259942e-265
4.025817e-265
4.0256732e-265
4.0255555e-265
4.0254582e-265
4.0253766e-265
4.0253069e-265
4.0252462e-265
4.0251919e-265
4.0251422e-265
4.0250958e-265
4.0250519e-265
4.0250099e-265
4.0249697e-265
4.0249311e-265
4.0248946e-265
4.0248605e-265
4.0248292e-265
4.0248013e-265
4.0247772e-265
4.0247571e-265
4.0247415e-265
4.0247304e-265
4.0247238e-265
4.0247217e-265
4.0247236e-265
4.0247287e-265
4.0247366e-265
4.0247465e-265
4.0247578e-265
4.0247691e-265
4.0247889e-265
4.024769e-265
4.0193583e-265
3.4189476e-265
1.7527492e-267
1.4501045e-267
1.4147146e-267
1.4057404e-267
1.4021003e-267
1.4002444e-267
1.3991549e-267
1.3984519e-267
1.3979674e-267
1.3976178e-267
1.3973572e-267
1.3971584e-267
1.3970041e-267
1.3968828e-267
1.3967866e-267
1.3967097e-267
1.3966477e-267
1.3965974e-267
1.3965562e-267
1.3965222e-267
1.3964936e-267
1.3964692e-267
1.396448e-267
1.396429e-267
1.3964116e-267
1.3963954e-267
1.3963801e-267
1.3963655e-267
1.3963514e-267
1.396338e-267
1.3963253e-267
1.3963134e-267
1.3963025e-267
1.3962928e-267
1.3962844e-267
1.3962774e-267
1.396272e-267
1.3962681e-267
1.3962658e-267
1.3962651e-267
1.3962657e-267
1.3962675e-267
1.3962703e-267
1.3962737e-267
1.3962776e-267
1.3962815e-267
1.3962884e-267
1.396281e-267
1.3943415e-267
1.1841019e-267
6.0836282e-270
5.0250329e-270
4.9011823e-270
4.8697951e-270
4.857066e-270
4.8505774e-270
4.8467688e-270
4.8443117e-270
4.8426189e-270
4.8413978e-270
4.8404877e-270
4.8397934e-270
4.8392545e-270
4.838831e-270
4.8384949e-270
4.8382261e-270
4.8380096e-270
4.8378339e-270
4.83769e-270
4.8375709e-270
4.8374711e-270
4.8373858e-270
4.8373115e-270
4.8372452e-270
4.8371845e-270
4.837128e-270
4.8370745e-270
4.8370234e-270
4.8369745e-270
4.8369277e-270
4.8368834e-270
4.8368421e-270
4.8368042e-270
4.8367704e-270
4.8367411e-270
4.8367169e-270
4.8366979e-270
4.8366844e-270
4.8366764e-270
4.8366737e-270
4.8366759e-270
4.8366821e-270
4.8366915e-270
4.8367033e-270
4.8367168e-270
4.8367304e-270
4.8367543e-270
4.8367267e-270
4.8297877e-270
4.0948034e-270
2.1079596e-272
1.7383475e-272
1.6950821e-272
1.684124e-272
1.6796808e-272
1.6774162e-272
1.6760872e-272
1.67523e-272
1.6746396e-272
1.6742138e-272
1.6738965e-272
1.6736545e-272
1.6734667e-272
1.6733191e-272
1.6732019e-272
1.6731082e-272
1.6730327e-272
1.6729714e-272
1.6729212e-272
1.6728797e-272
1.6728448e-272
1.6728151e-272
1.6727892e-272
1.672766e-272
1.6727448e-272
1.6727251e-272
1.6727065e-272
1.6726887e-272
1.6726717e-272
1.6726554e-272
1.67264e-272
1.6726256e-272
1.6726125e-272
1.6726007e-272
1.6725905e-272
1.6725821e-272
1.6725755e-272
1.6725708e-272
1.672568e-272
1.672567e-272
1.6725677e-272
1.6725698e-272
1.6725731e-272
1.6725771e-272
1.6725818e-272
1.6725865e-272
1.6725947e-272
1.6725846e-272
1.6701071e-272
1.4136284e-272
7.2904318e-275
6.0024224e-275
5.8515722e-275
5.8133887e-275
5.797909e-275
5.7900205e-275
5.785392e-275
5.7824073e-275
5.780352e-275
5.7788701e-275
5.777766e-275
5.7769238e-275
5.7762702e-275
5.7757566e-275
5.7753489e-275
5.7750227e-275
5.7747598e-275
5.7745464e-275
5.7743715e-275
5.7742268e-275
5.7741053e-275
5.7740016e-275
5.7739112e-275
5.7738306e-275
5.7737568e-275
5.7736881e-275
5.7736233e-275
5.7735614e-275
5.7735021e-275
5.7734456e-275
5.773392e-275
5.7733421e-275
5.7732963e-275
5.7732555e-275
5.7732201e-275
5.7731907e-275
5.7731677e-275
5.7731512e-275
5.7731414e-275
5.7731379e-275
5.7731402e-275
5.7731473e-275
5.7731583e-275
5.7731722e-275
5.7731881e-275
5.7732042e-275
5.7732326e-275
5.7731953e-275
5.76437e-275
4.871126e-275
2.5164887e-277
2.0685586e-277
2.016069e-277
2.0027908e-277
1.9974088e-277
1.9946664e-277
1.9930577e-277
1.9920205e-277
1.9913065e-277
1.9907918e-277
1.9904083e-277
1.9901159e-277
1.9898889e-277
1.9897105e-277
1.9895689e-277
1.9894556e-277
1.9893643e-277
1.9892901e-277
1.9892293e-277
1.9891789e-277
1.9891366e-277
1.9891005e-277
1.9890691e-277
1.989041e-277
1.9890153e-277
1.9889914e-277
1.9889689e-277
1.9889474e-277
1.9889268e-277
1.9889071e-277
1.9888885e-277
1.9888712e-277
1.9888553e-277
1.9888411e-277
1.9888288e-277
1.9888186e-277
1.9888105e-277
1.9888048e-277
1.9888013e-277
1.9888e-277
1.9888007e-277
1.9888031e-277
1.9888068e-277
1.9888116e-277
1.988817e-277
1.9888225e-277
1.9888323e-277
1.9888186e-277
1.985682e-277
1.6752298e-277
8.6691205e-280
7.1145533e-280
6.9322843e-280
6.8862045e-280
6.8675304e-280
6.8580164e-280
6.8524362e-280
6.8488394e-280
6.8463638e-280
6.8445793e-280
6.8432502e-280
6.8422366e-280
6.84145e-280
6.8408317e-280
6.8403408e-280
6.8399479e-280
6.839631e-280
6.8393736e-280
6.8391625e-280
6.8389877e-280
6.8388408e-280
6.8387153e-280
6.8386059e-280
6.8385083e-280
6.838419e-280
6.838336e-280
6.8382576e-280
6.8381829e-280
6.8381114e-280
6.8380431e-280
6.8379786e-280
6.8379184e-280
6.8378634e-280
6.837814e-280
6.8377711e-280
6.8377356e-280
6.8377075e-280
6.8376873e-280
6.8376749e-280
6.8376702e-280
6.8376723e-280
6.8376801e-280
6.8376926e-280
6.8377086e-280
6.8377269e-280
6.8377457e-280
6.8377792e-280
6.8377295e-280
6.8266078e-280
5.7498602e-280
2.9806478e-282
2.4422091e-282
2.3790432e-282
2.3630839e-282
2.3566175e-282
2.3533235e-282
2.3513917e-282
2.3501469e-282
2.3492902e-282
2.3486728e-282
2.348213e-282
2.3478624e-282
2.3475903e-282
2.3473764e-282
2.3472065e-282
2.3470705e-282
2.3469608e-282
2.3468716e-282
2.3467984e-282
2.3467378e-282
2.3466868e-282
2.3466432e-282
2.3466053e-282
2.3465713e-282
2.3465403e-282
2.3465115e-282
2.3464843e-282
2.3464583e-282
2.3464335e-282
2.3464098e-282
2.3463874e-282
2.3463666e-282
2.3463475e-282
2.3463303e-282
2.3463154e-282
2.346303e-282
2.3462932e-282
2.346286e-282
2.3462816e-282
2.3462798e-282
2.3462804e-282
2.346283e-282
2.3462871e-282
2.3462925e-282
2.3462986e-282
2.346305e-282
2.3463164e-282
2.3462984e-282
2.3423639e-282
1.9696759e-282
1.0229413e-284
8.3680076e-285
8.1495163e-285
8.0943477e-285
8.0719982e-285
8.0606145e-285
8.0539399e-285
8.0496394e-285
8.0466806e-285
8.0445485e-285
8.0429609e-285
8.0417502e-285
8.0408105e-285
8.0400717e-285
8.0394849e-285
8.0390149e-285
8.0386355e-285
8.038327e-285
8.0380738e-285
8.0378638e-285
8.0376872e-285
8.037536e-285
8.0374043e-285
8.0372866e-285
8.037179e-285
8.0370788e-285
8.0369843e-285
8.0368942e-285
8.0368082e-285
8.0367261e-285
8.0366483e-285
8.036576e-285
8.0365098e-285
8.0364502e-285
8.036398e-285
8.0363546e-285
8.0363203e-285
8.0362952e-285
8.0362794e-285
8.0362726e-285
8.0362739e-285
8.0362821e-285
8.0362957e-285
8.0363134e-285
8.036334e-285
8.0363553e-285
8.0363942e-285
8.0363295e-285
8.0224406e-285
6.7349659e-285
3.5049097e-287
2.8625076e-287
2.7870595e-287
2.7680209e-287
2.7603095e-287
2.7563822e-287
2.7540798e-287
2.7525967e-287
2.7515764e-287
2.7508413e-287
2.750294e-287
2.7498766e-287
2.7495527e-287
2.7492979e-287
2.7490955e-287
2.7489333e-287
2.7488023e-287
2.7486958e-287
2.7486082e-287
2.7485356e-287
2.7484744e-287
2.7484221e-287
2.7483764e-287
2.7483356e-287
2.7482982e-287
2.7482635e-287
2.7482307e-287
2.7481994e-287
2.7481696e-287
2.7481411e-287
2.7481141e-287
2.748089e-287
2.7480661e-287
2.7480453e-287
2.7480271e-287
2.748012e-287
2.7479999e-287
2.747991e-287
2.7479853e-287
2.7479827e-287
2.7479829e-287
2.7479855e-287
2.7479899e-287
2.7479957e-287
2.7480026e-287
2.7480096e-287
2.7480228e-287
2.7479997e-287
2.7431065e-287
2.2991136e-287
1.1992319e-289
9.7784626e-290
9.5183022e-290
9.4526951e-290
9.426126e-290
9.4125962e-290
9.4046656e-290
9.3995577e-290
9.3960446e-290
9.3935139e-290
9.3916296e-290
9.3901926e-290
9.3890772e-290
9.3881998e-290
9.3875025e-290
9.3869436e-290
9.3864919e-290
9.3861242e-290
9.3858219e-290
9.3855709e-290
9.3853593e-290
9.385178e-290
9.3850197e-290
9.3848782e-290
9.3847486e-290
9.3846281e-290
9.3845143e-290
9.3844059e-290
9.3843023e-290
9.3842035e-290
9.3841099e-290
9.3840229e-290
9.3839432e-290
9.383871e-290
9.3838075e-290
9.3837544e-290
9.383712e-290
9.3836806e-290
9.38366e-290
9.38365e-290
9.3836497e-290
9.3836574e-290
9.3836715e-290
9.3836906e-290
9.383713e-290
9.3837365e-290
9.3837811e-290
9.3836988e-290
9.3664892e-290
7.8376148e-290
4.098977e-292
3.3368716e-292
3.2472614e-292
3.224678e-292
3.2155338e-292
3.2108779e-292
3.2081492e-292
3.2063919e-292
3.2051835e-292
3.2043132e-292
3.2036651e-292
3.2031709e-292
3.2027872e-292
3.2024854e-292
3.2022454e-292
3.202053e-292
3.2018974e-292
3.2017706e-292
3.2016663e-292
3.2015796e-292
3.2015064e-292
3.2014437e-292
3.2013889e-292
3.2013398e-292
3.2012949e-292
3.2012531e-292
3.2012137e-292
3.2011761e-292
3.2011401e-292
3.2011058e-292
3.2010734e-292
3.2010432e-292
3.2010155e-292
3.2009904e-292
3.2009682e-292
3.2009496e-292
3.2009347e-292
3.2009235e-292
3.2009161e-292
3.2009123e-292
3.2009118e-292
3.2009141e-292
3.2009185e-292
3.2009247e-292
3.200932e-292
3.2009398e-292
3.2009548e-292
3.2009258e-292
3.1948813e-292
2.6690189e-292
1.4001295e-294
1.1379621e-294
1.1071181e-294
1.0993498e-294
1.0962049e-294
1.0946037e-294
1.0936655e-294
1.0930614e-294
1.092646e-294
1.0923469e-294
1.0921241e-294
1.0919543e-294
1.0918224e-294
1.0917186e-294
1.0916361e-294
1.0915698e-294
1.0915163e-294
1.0914726e-294
1.0914366e-294
1.0914067e-294
1.0913814e-294
1.0913597e-294
1.0913407e-294
1.0913237e-294
1.0913082e-294
1.0912937e-294
1.09128e-294
1.091267e-294
1.0912545e-294
1.0912426e-294
1.0912313e-294
1.0912209e-294
1.0912113e-294
1.0912025e-294
1.0911948e-294
1.0911883e-294
1.091183e-294
1.0911791e-294
1.0911764e-294
1.091175e-294
1.0911746e-294
1.0911753e-294
1.0911767e-294
1.0911787e-294
1.091181e-294
1.0911836e-294
1.0911887e-294
1.0911785e-294
1.0890576e-294
9.0831863e-295
4.7816644e-297
3.8800154e-297
3.7738748e-297
3.7471598e-297
3.7363463e-297
3.7308415e-297
3.7276162e-297
3.7255399e-297
3.7241124e-297
3.7230845e-297
3.7223192e-297
3.7217356e-297
3.7212823e-297
3.7209255e-297
3.7206417e-297
3.7204138e-297
3.7202294e-297
3.7200789e-297
3.7199549e-297
3.7198516e-297
3.7197643e-297
3.7196892e-297
3.7196235e-297
3.7195647e-297
3.7195107e-297
3.7194605e-297
3.7194131e-297
3.7193679e-297
3.7193247e-297
3.7192834e-297
3.7192443e-297
3.719208e-297
3.7191746e-297
3.7191442e-297
3.7191173e-297
3.7190945e-297
3.7190761e-297
3.7190621e-297
3.7190524e-297
3.719047e-297
3.7190455e-297
3.7190472e-297
3.7190515e-297
3.7190579e-297
3.7190656e-297
3.7190741e-297
3.7190912e-297
3.7190559e-297
3.7116179e-297
3.0905935e-297
1.633511e-299
1.3233373e-299
1.2868032e-299
1.2776137e-299
1.2738947e-299
1.2720017e-299
1.2708926e-299
1.2701788e-299
1.2696881e-299
1.2693348e-299
1.2690718e-299
1.2688712e-299
1.2687154e-299
1.2685927e-299
1.2684951e-299
1.2684167e-299
1.2683532e-299
1.2683014e-299
1.2682586e-299
1.268223e-299
1.2681928e-299
1.2681669e-299
1.2681441e-299
1.2681238e-299
1.2681051e-299
1.2680877e-299
1.2680712e-299
1.2680556e-299
1.2680406e-299
1.2680263e-299
1.2680128e-299
1.2680002e-299
1.2679886e-299
1.267978e-299
1.2679687e-299
1.2679607e-299
1.2679543e-299
1.2679493e-299
1.2679458e-299
1.2679438e-299
1.2679432e-299
1.2679436e-299
1.2679449e-299
1.267947e-299
1.2679495e-299
1.2679523e-299
1.2679581e-299
1.2679459e-299
1.2653375e-299
1.0519069e-299
5.5849197e-302
4.5170972e-302
4.3912508e-302
4.359617e-302
4.3468166e-302
4.3403018e-302
4.3364856e-302
4.3340297e-302
4.3323418e-302
4.3311265e-302
4.3302219e-302
4.3295319e-302
4.3289959e-302
4.3285738e-302
4.3282378e-302
4.3279678e-302
4.3277491e-302
4.3275703e-302
4.3274228e-302
4.3272997e-302
4.3271954e-302
4.3271058e-302
4.3270271e-302
4.3269565e-302
4.3268918e-302
4.3268315e-302
4.3267746e-302
4.3267203e-302
4.3266685e-302
4.3266189e-302
4.326572e-302
4.3265283e-302
4.3264881e-302
4.3264515e-302
4.3264189e-302
4.3263912e-302
4.3263686e-302
4.3263512e-302
4.3263388e-302
4.3263315e-302
4.3263288e-302
4.3263298e-302
4.326334e-302
4.3263406e-302
4.3263487e-302
4.326358e-302
4.3263777e-302
4.3263362e-302
4.317185e-302
3.5831517e-302
1.9119528e-304
1.543882e-304
1.500479e-304
1.489576e-304
1.4851648e-304
1.4829201e-304
1.4816053e-304
1.4807593e-304
1.4801779e-304
1.4797594e-304
1.4794479e-304
1.4792103e-304
1.4790257e-304
1.4788803e-304
1.4787646e-304
1.4786715e-304
1.4785961e-304
1.4785344e-304
1.4784835e-304
1.478441e-304
1.4784049e-304
1.4783739e-304
1.4783467e-304
1.4783223e-304
1.4782999e-304
1.478279e-304
1.4782593e-304
1.4782405e-304
1.4782226e-304
1.4782054e-304
1.4781892e-304
1.478174e-304
1.4781601e-304
1.4781474e-304
1.4781361e-304
1.4781264e-304
1.4781186e-304
1.4781125e-304
1.4781081e-304
1.4781054e-304
1.4781044e-304
1.4781046e-304
1.4781059e-304
1.478108e-304
1.4781107e-304
1.4781138e-304
1.4781205e-304
1.4781064e-304
1.4748929e-304
1.2221379e-304
6.5568492e-307
5.2860073e-307
5.136065e-307
5.0984235e-307
5.0831969e-307
5.075449e-307
5.0709116e-307
5.0679924e-307
5.0659868e-307
5.0645431e-307
5.0634685e-307
5.062649e-307
5.0620122e-307
5.0615106e-307
5.0611111e-307
5.0607899e-307
5.0605294e-307
5.0603163e-307
5.0601402e-307
5.0599931e-307
5.0598684e-307
5.059761e-307
5.0596666e-307
5.0595819e-307
5.0595043e-307
5.0594319e-307
5.0593636e-307
5.0592986e-307
5.0592364e-307
5.059177e-307
5.0591208e-307
5.0590684e-307
5.0590201e-307
5.058976e-307
5.0589367e-307
5.0589033e-307
5.0588759e-307
5.0588545e-307
5.0588392e-307
5.0588297e-307
5.0588256e-307
5.0588261e-307
5.0588302e-307
5.0588372e-307
5.0588459e-307
5.0588565e-307
5.0588798e-307
5.0588322e-307
5.0475325e-307
4.1757644e-307
2.2533525e-309
1.8136746e-309
1.7617696e-309
1.7487479e-309
1.7434813e-309
1.7408017e-309
1.7392327e-309
1.7382234e-309
1.73753e-309
1.7370311e-309
1.7366597e-309
1.7363765e-309
1.7361564e-309
1.735983e-309
1.7358449e-309
1.7357339e-309
1.7356438e-309
1.73557e-309
1.7355091e-309
1.7354582e-309
1.735415e-309
1.7353777e-309
1.735345e-309
1.7353157e-309
1.7352888e-309
1.7352637e-309
1.73524e-309
1.7352175e-309
1.7351959e-309
1.7351754e-309
1.7351559e-309
1.7351378e-309
1.7351211e-309
1.7351058e-309
1.7350921e-309
1.7350805e-309
1.735071e-309
1.7350635e-309
1.7350581e-309
1.7350548e-309
1.7350533e-309
1.7350533e-309
1.7350546e-309
1.7350569e-309
1.7350598e-309
1.7350634e-309
1.7350715e-309
1.7350555e-309
1.7310755e-309
1.4297899e-309
7.7622992e-312
6.2376522e-312
6.0575646e-312
6.0124149e-312
5.9941566e-312
5.9848682e-312
5.97943e-312
5.9759324e-312
5.9735301e-312
5.9718014e-312
5.970515e-312
5.9695339e-312
5.9687716e-312
5.9681709e-312
5.9676924e-312
5.9673075e-312
5.9669952e-312
5.9667394e-312
5.966528e-312
5.9663512e-312
5.9662012e-312
5.9660719e-312
5.9659583e-312
5.9658564e-312
5.9657629e-312
5.9656758e-312
5.9655936e-312
5.9655154e-312
5.9654407e-312
5.9653694e-312
5.9653019e-312
5.965239e-312
5.9651811e-312
5.965128e-312
5.9650807e-312
5.9650404e-312
5.9650073e-312
5.9649813e-312
5.9649625e-312
5.9649507e-312
5.9649452e-312
5.9649452e-312
5.9649494e-312
5.9649572e-312
5.9649669e-312
5.9649794e-312
5.9650075e-312
5.9649543e-312
5.9509088e-312
4.9072859e-312
2.6806503e-314
2.1506567e-314
2.088028e-314
2.0723394e-314
2.0659947e-314
2.0627665e-314
2.0608765e-314
2.0596632e-314
2.0588288e-314
2.0582311e-314
2.0577882e-314
2.0574472e-314
2.0571811e-314
2.0569724e-314
2.0568062e-314
2.0566724e-314
2.0565636e-314
2.0564745e-314
2.0564009e-314
2.0563387e-314
2.0562872e-314
2.0562423e-314
2.0562027e-314
2.0561672e-314
2.0561344e-314
2.0561041e-314
2.0560755e-314
2.0560486e-314
2.0560226e-314
2.0559981e-314
2.055975e-314
2.0559532e-314
2.0559333e-314
2.0559148e-314
2.0558983e-314
2.0558843e-314
2.0558727e-314
2.0558634e-314
2.0558567e-314
2.0558525e-314
2.0558505e-314
2.0558503e-314
2.0558517e-314
2.0558543e-314
2.0558574e-314
2.0558618e-314
2.0558716e-314
2.055854e-314
2.0508872e-314
1.6885129e-314
9.2545284e-317
7.4341905e-317
7.2170684e-317
7.1614247e-317
7.1387002e-317
7.1278742e-317
7.1208021e-317
7.1172543e-317
7.1142785e-317
7.1122118e-317
7.1100424e-317
7.1090513e-317
7.108286e-317
7.1075029e-317
7.106915e-317
7.1064609e-317
7.1058764e-317
7.1058092e-317
7.1054318e-317
7.105117e-317
7.1050385e-317
7.1046833e-317
7.1046966e-317
7.1045963e-317
7.1045138e-317
7.1042865e-317
7.1042233e-317
7.1040741e-317
7.1039886e-317
7.1040523e-317
7.1038394e-317
7.1038562e-317
7.1037129e-317
7.1036329e-317
7.1036294e-317
7.1035845e-317
7.1034545e-317
7.1034896e-317
7.1034832e-317
7.1034165e-317
7.1034886e-317
7.1034026e-317
7.1034446e-317
7.1034096e-317
7.1034659e-317
7.1034466e-317
7.1034763e-317
7.1034921e-317
7.0859438e-317
5.8245503e-317
3.5605829e-319
2.5444381e-319
2.8573298e-319
2.4545181e-319
2.6914226e-319
2.5036283e-319
2.4125225e-319
2.5572838e-319
2.4446862e-319
2.5458215e-319
2.4904367e-319
2.4257141e-319
2.4967607e-319
2.4300125e-319
2.3981946e-319
2.4684014e-319
2.4219098e-319
2.4767511e-319
2.4129672e-319
2.4102498e-319
2.4537276e-319
2.4246766e-319
2.4556545e-319
2.4439451e-319
2.4061985e-319
2.450615e-319
2.411238e-319
2.4511585e-319
2.4387574e-319
2.411238e-319
2.4421665e-319
2.4317417e-319
2.4052104e-319
2.4375223e-319
2.411485e-319
2.3958231e-319
2.4313464e-319
2.4042222e-319
2.4316429e-319
2.4222062e-319
2.4311488e-319
2.4264058e-319
2.4033329e-319
2.4311982e-319
2.4216628e-319
2.4066926e-319
2.4265046e-319
2.3982441e-319
2.3967124e-319
1.9451364e-319
3.9525252e-322
3.2608333e-322
3.063207e-322
3.1126136e-322
3.0138004e-322
3.063207e-322
3.0138004e-322
3.1620201e-322
3.063207e-322
3.063207e-322
3.0138004e-322
3.063207e-322
3.0138004e-322
3.1126136e-322
3.0138004e-322
3.063207e-322
3.063207e-322
3.1126136e-322
4.7924368e-322
5.6323484e-322
5.9781943e-322
6.4228534e-322
6.2252271e-322
6.8675125e-322
6.6698862e-322
6.7192928e-322
6.8675125e-322
6.8181059e-322
6.6698862e-322
7.1145453e-322
6.8675125e-322
6.6698862e-322
6.5710731e-322
7.0157322e-322
7.0157322e-322
6.7686993e-322
6.7192928e-322
6.7686993e-322
6.5216665e-322
6.47226e-322
6.6204797e-322
6.6204797e-322
6.5710731e-322
6.5710731e-322
6.3734468e-322
6.4228534e-322
6.3734468e-322
6.2746337e-322
6.2746337e-322
5.5335352e-322
0
0
0
0
0
0
0
0
0
0
0
0
0
0
0
0
0
0
0
0
0
0
0
0
0
0
0
0
0
0
0
0
0
0
0
0
0
0
0
0
0
0
0
0
0
0
0
0
0
0
0
0
0
0
0
0
0
0
0
0
0
0
0
0
0
0
0
0
0
0
0
0
0
0
0
0
0
0
0
0
0
0
0
0
0
0
0
0
0
0
0
0
0
0
0
0
0
0
0
0
0
0
0
0
0
0
0
0
0
0
0
0
0
0
0
0
0
0
0
0
0
0
0
0
0
0
0
0
0
0
0
0
0
0
0
0
0
0
0
0
0
0
0
0
0
0
0
0
0
0
0
0
0
0
0
0
0
0
0
0
0
0
0
0
0
0
0
0
0
0
0
0
0
0
0
0
0
0
0
0
0
0
0
0
0
0
0
0
0
0
0
0
0
0
0
0
0
0
0
0
0
0
0
0
0
0
0
0
0
0
0
0
0
0
0
0
0
0
0
0
0
0
0
0
0
0
0
0
0
0
0
0
0
0
0
0
0
0
0
0
0
0
0
0
0
0
0
0
0
0
0
0
0
0
0
0
0
0
0
0
0
0
0
0
0
0
0
0
0
0
0
0
0
0
0
0
0
0
0
0
0
0
0
0
0
0
0
0
0
0
0
0
0
0
0
0
0
0
0
0
0
0
0
0
0
0
0
0
0
0
0
0
0
0
0
0
0
0
0
0
0
0
0
0
0
0
0
0
0
0
0
0
0
0
0
0
0
0
0
0
0
0
0
0
0
0
0
0
0
0
0
0
0
0
0
0
0
0
0
0
0
0
0
0
0
0
0
0
0
0
0
0
0
0
0
0
0
0
0
0
0
0
0
0
0
0
0
0
0
0
0
0
0
0
0
0
0
0
0
0
0
0
0
0
0
0
0
0
0
0
0
0
0
0
0
0
0
0
0
0
0
0
0
0
0
0
0
0
0
0
0
0
0
0
0
0
0
0
0
0
0
0
0
0
0
0
0
0
0
0
0
0
0
0
0
0
0
0
0
0
0
0
0
0
0
0
0
0
0
0
0
0
0
0
0
0
0
0
0
0
0
0
0
0
0
0
0
0
0
0
0
0
0
0
0
0
0
0
0
0
0
0
0
0
0
0
0
0
0
0
0
0
0
0
0
0
0
0
0
0
0
0
0
0
0
0
0
0
0
0
0
0
0
0
0
0
0
0
0
0
0
0
0
0
0
0
0
0
0
0
0
0
0
0
0
0
0
0
0
0
0
0
0
0
0
0
0
0
0
0
0
0
0
0
0
0
0
0
0
0
0
0
0
0
0
0
0
0
0
0
0
0
0
0
0
0
0
0
0
0
0
0
0
0
0
0
0
0
0
0
0
0
0
0
0
0
0
0
0
0
0
0
0
0
0
0
0
0
0
0
0
0
0
0
0
0
0
0
0
0
0
0
0
0
0
0
0
0
0
0
0
0
0
0
0
0
0
0
0
0
0
0
0
0
0
0
0
0
0
0
0
0
0
0
0
0
0
0
0
0
0
0
0
0
0
0
0
0
0
0
0
0
0
0
0
0
0
0
0
0
0
0
0
0
0
0
0
0
0
0
0
0
0
0
0
0
0
0
0
0
0
0
0
0
0
0
0
0
0
0
0
0
0
0
0
0
0
0
0
0
0
0
0
0
0
0
0
0
0
0
0
0
0
0
0
0
0
0
0
0
0
0
0
0
0
0
0
0
0
0
0
0
0
0
0
0
0
0
0
0
0
0
0
0
0
0
0
0
0
0
0
0
0
0
0
0
0
0
0
0
0
0
0
0
0
0
0
0
0
0
0
0
0
0
0
0
0
0
0
0
0
0
0
0
0
0
0
0
0
0
0
0
0
0
0
0
0
0
0
0
0
0
0
0
0
0
0
0
0
0
0
0
0
0
0
0
0
0
0
0
0
0
0
0
0
0
0
0
0
0
0
0
0
0
0
0
0
0
0
0
0
0
0
0
0
0
0
0
0
0
0
0
0
0
0
0
0
0
0
0
)
;

boundaryField
{
    inlet
    {
        type            calculated;
        value           nonuniform List<scalar> 
50
(
0.43157722
0.43157722
0.43157722
0.43157722
0.43157722
0.43157722
0.43157722
0.43157722
0.43157722
0.43157722
0.43157722
0.43157722
0.43157722
0.43157722
0.43157722
0.43157722
0.43157722
0.43157722
0.43157722
0.43157722
0.43157722
0.43157722
0.43157722
0.43157722
0.43157722
0.43157722
0.43157722
0.43157722
0.43157722
0.43157722
0.43157722
0.43157722
0.43157722
0.43157722
0.43157722
0.43157722
0.43157722
0.43157722
0.43157722
0.43157722
0.43157722
0.43157722
0.43157722
0.43157722
0.43157722
0.43157722
0.43157722
0.43157722
0.43157722
0.43157722
)
;
    }
    outlet
    {
        type            calculated;
        value           uniform 0;
    }
    wall
    {
        type            calculated;
        value           nonuniform List<scalar> 
120
(
0.46884464
0.010010691
3.5496328e-07
9.7538225e-12
2.6885683e-16
7.4134881e-21
2.0431171e-25
5.6334901e-30
1.5534337e-34
4.2804989e-39
1.1790449e-43
3.2472142e-48
8.944037e-53
2.4636823e-57
6.7861411e-62
1.8691883e-66
5.148861e-71
1.4182343e-75
3.9062614e-80
1.0759405e-84
2.9636821e-89
8.163582e-94
2.2486284e-98
6.1941309e-103
1.7062352e-107
4.6997581e-112
1.2946e-116
3.5658752e-121
9.821637e-126
2.7052851e-130
7.4513059e-135
2.0524605e-139
5.653794e-144
1.5592461e-148
4.6240533e-153
7.4767867e-157
1.2580673e-159
2.6293112e-162
5.7602094e-165
1.3131433e-167
3.1036351e-170
7.5788522e-173
1.9068622e-175
4.9308164e-178
1.3075103e-180
3.5486801e-183
9.8400852e-186
2.7832253e-188
8.0183247e-191
2.3497666e-193
6.9958189e-196
2.113679e-198
6.4741109e-201
2.0084071e-203
6.3048626e-206
2.0012494e-208
6.4180294e-211
2.0781187e-213
6.7891763e-216
2.2364834e-218
7.424227e-221
2.482095e-223
8.3525546e-226
2.8275669e-228
9.6241768e-231
3.2918568e-233
1.1308855e-235
3.9000917e-238
1.3495589e-240
4.6833404e-243
1.6189424e-245
5.6070056e-248
1.944699e-250
6.7514892e-253
2.3452168e-255
8.1474661e-258
2.829752e-260
9.8220682e-263
3.4059823e-265
1.1796115e-267
4.079275e-270
1.4082676e-272
4.8526536e-275
1.6688769e-277
5.7280553e-280
1.9622064e-282
6.7094251e-285
2.2903947e-287
7.8078922e-290
2.6588971e-292
9.0487398e-295
3.0788729e-297
1.0479177e-299
3.569563e-302
1.2175031e-304
4.1599281e-307
1.4243675e-309
4.8886751e-312
1.6821092e-314
5.8023667e-317
1.9370832e-319
5.5335352e-322
0
0
0
0
0
0
0
0
0
0
0
0
0
0
0
0
0
0
)
;
    }
    front
    {
        type            wedge;
    }
    back
    {
        type            wedge;
    }
    axis
    {
        type            empty;
    }
}


// ************************************************************************* //
