/*--------------------------------*- C++ -*----------------------------------*\
  =========                 |
  \\      /  F ield         | OpenFOAM: The Open Source CFD Toolbox
   \\    /   O peration     | Website:  https://openfoam.org
    \\  /    A nd           | Version:  11
     \\/     M anipulation  |
\*---------------------------------------------------------------------------*/
FoamFile
{
    format      ascii;
    class       volScalarField;
    location    "0.5";
    object      qN2;
}
// * * * * * * * * * * * * * * * * * * * * * * * * * * * * * * * * * * * * * //

dimensions      [-1 0 0 0 1 0 0];

internalField   nonuniform List<scalar> 
6000
(
1.454895e-05
1.4549218e-05
1.4549228e-05
1.4549232e-05
1.4549232e-05
1.4549232e-05
1.4549232e-05
1.4549232e-05
1.4549231e-05
1.4549231e-05
1.4549231e-05
1.4549231e-05
1.4549231e-05
1.4549231e-05
1.4549231e-05
1.4549231e-05
1.4549231e-05
1.4549231e-05
1.4549231e-05
1.4549231e-05
1.4549231e-05
1.4549231e-05
1.4549231e-05
1.4549231e-05
1.4549231e-05
1.4549231e-05
1.4549231e-05
1.4549231e-05
1.4549231e-05
1.4549231e-05
1.4549231e-05
1.4549232e-05
1.4549232e-05
1.4549232e-05
1.4549232e-05
1.4549232e-05
1.4549233e-05
1.4549233e-05
1.4549233e-05
1.4549234e-05
1.4549234e-05
1.4549235e-05
1.4549235e-05
1.4549236e-05
1.4549237e-05
1.4549238e-05
1.454924e-05
1.4549241e-05
1.4549254e-05
1.4549143e-05
0.15670164
0.15670162
0.15670162
0.15670162
0.15670162
0.15670162
0.15670162
0.15670162
0.15670162
0.15670162
0.15670162
0.15670162
0.15670162
0.15670162
0.15670162
0.15670162
0.15670162
0.15670162
0.15670162
0.15670162
0.15670162
0.15670162
0.15670162
0.15670162
0.15670162
0.15670162
0.15670162
0.15670162
0.15670162
0.15670162
0.15670162
0.15670162
0.15670162
0.15670161
0.15670161
0.15670162
0.15670161
0.15670162
0.15670162
0.15670162
0.15670162
0.15670162
0.15670162
0.15670162
0.15670162
0.15670162
0.15670162
0.15670162
0.15670162
0.1567016
0.15904795
0.15904795
0.15904795
0.15904795
0.15904795
0.15904795
0.15904795
0.15904795
0.15904795
0.15904795
0.15904795
0.15904795
0.15904795
0.15904795
0.15904795
0.15904795
0.15904795
0.15904795
0.15904795
0.15904795
0.15904795
0.15904795
0.15904795
0.15904795
0.15904795
0.15904795
0.15904795
0.15904795
0.15904795
0.15904795
0.15904795
0.15904795
0.15904795
0.15904795
0.15904795
0.15904795
0.15904795
0.15904795
0.15904795
0.15904795
0.15904795
0.15904795
0.15904795
0.15904795
0.15904795
0.15904795
0.15904795
0.15904795
0.15904795
0.15904795
0.15895048
0.15895048
0.15895048
0.15895048
0.15895048
0.15895048
0.15895048
0.15895048
0.15895048
0.15895048
0.15895048
0.15895048
0.15895048
0.15895048
0.15895048
0.15895048
0.15895048
0.15895048
0.15895048
0.15895048
0.15895048
0.15895048
0.15895048
0.15895048
0.15895048
0.15895048
0.15895048
0.15895048
0.15895048
0.15895048
0.15895048
0.15895048
0.15895048
0.15895048
0.15895048
0.15895048
0.15895048
0.15895048
0.15895048
0.15895048
0.15895048
0.15895048
0.15895048
0.15895048
0.15895048
0.15895048
0.15895048
0.15895048
0.15895048
0.15895048
0.15885202
0.15885202
0.15885202
0.15885202
0.15885202
0.15885202
0.15885202
0.15885202
0.15885202
0.15885202
0.15885202
0.15885202
0.15885202
0.15885202
0.15885202
0.15885202
0.15885202
0.15885202
0.15885202
0.15885202
0.15885202
0.15885202
0.15885202
0.15885202
0.15885202
0.15885202
0.15885202
0.15885202
0.15885202
0.15885202
0.15885202
0.15885202
0.15885202
0.15885202
0.15885202
0.15885202
0.15885202
0.15885202
0.15885202
0.15885202
0.15885202
0.15885202
0.15885202
0.15885202
0.15885202
0.15885202
0.15885202
0.15885202
0.15885202
0.15885202
0.15875325
0.15875325
0.15875325
0.15875325
0.15875325
0.15875325
0.15875325
0.15875325
0.15875325
0.15875325
0.15875325
0.15875325
0.15875325
0.15875325
0.15875325
0.15875325
0.15875325
0.15875325
0.15875325
0.15875325
0.15875325
0.15875325
0.15875325
0.15875325
0.15875325
0.15875325
0.15875325
0.15875325
0.15875325
0.15875325
0.15875325
0.15875325
0.15875325
0.15875325
0.15875325
0.15875325
0.15875325
0.15875325
0.15875325
0.15875325
0.15875325
0.15875325
0.15875325
0.15875325
0.15875325
0.15875325
0.15875325
0.15875325
0.15875325
0.15875325
0.15865429
0.15865429
0.15865429
0.15865429
0.15865429
0.15865429
0.15865429
0.15865429
0.15865429
0.15865429
0.15865429
0.15865429
0.15865429
0.15865429
0.15865429
0.15865429
0.15865429
0.15865429
0.15865429
0.15865429
0.15865429
0.15865429
0.15865429
0.15865429
0.15865429
0.15865429
0.15865429
0.15865429
0.15865429
0.15865429
0.15865429
0.15865429
0.15865429
0.15865429
0.15865429
0.15865429
0.15865429
0.15865429
0.15865429
0.15865429
0.15865429
0.15865429
0.15865429
0.15865429
0.15865429
0.15865429
0.15865429
0.15865429
0.15865429
0.15865429
0.15855514
0.15855514
0.15855514
0.15855514
0.15855514
0.15855514
0.15855514
0.15855514
0.15855514
0.15855514
0.15855514
0.15855514
0.15855514
0.15855514
0.15855514
0.15855514
0.15855514
0.15855514
0.15855514
0.15855514
0.15855514
0.15855514
0.15855514
0.15855514
0.15855514
0.15855514
0.15855514
0.15855514
0.15855514
0.15855514
0.15855514
0.15855514
0.15855514
0.15855514
0.15855514
0.15855514
0.15855514
0.15855514
0.15855514
0.15855514
0.15855514
0.15855514
0.15855514
0.15855514
0.15855514
0.15855514
0.15855514
0.15855514
0.15855514
0.15855514
0.15845581
0.15845581
0.15845581
0.15845581
0.15845581
0.15845581
0.15845581
0.15845581
0.15845581
0.15845581
0.15845581
0.15845581
0.15845581
0.15845581
0.15845581
0.15845581
0.15845581
0.15845581
0.15845581
0.15845581
0.15845581
0.15845581
0.15845581
0.15845581
0.15845581
0.15845581
0.15845581
0.15845581
0.15845581
0.15845581
0.15845581
0.15845581
0.15845581
0.15845581
0.15845581
0.15845581
0.15845581
0.15845581
0.15845581
0.15845581
0.15845581
0.15845581
0.15845581
0.15845581
0.15845581
0.15845581
0.15845581
0.15845581
0.15845581
0.15845581
0.15835631
0.15835631
0.15835631
0.15835631
0.15835631
0.15835631
0.15835631
0.15835631
0.15835631
0.15835631
0.15835631
0.15835631
0.15835631
0.15835631
0.15835631
0.15835631
0.15835631
0.15835631
0.15835631
0.15835631
0.15835631
0.15835631
0.15835631
0.15835631
0.15835631
0.15835631
0.15835631
0.15835631
0.15835631
0.15835631
0.15835631
0.15835631
0.15835631
0.15835631
0.15835631
0.15835631
0.15835631
0.15835631
0.15835631
0.15835631
0.15835631
0.15835631
0.15835631
0.15835631
0.15835631
0.15835631
0.15835631
0.15835631
0.15835631
0.15835631
0.15825663
0.15825663
0.15825663
0.15825663
0.15825663
0.15825663
0.15825663
0.15825663
0.15825663
0.15825663
0.15825663
0.15825663
0.15825663
0.15825663
0.15825663
0.15825663
0.15825663
0.15825663
0.15825663
0.15825663
0.15825663
0.15825663
0.15825663
0.15825663
0.15825663
0.15825663
0.15825663
0.15825663
0.15825663
0.15825663
0.15825663
0.15825663
0.15825663
0.15825663
0.15825663
0.15825663
0.15825663
0.15825663
0.15825663
0.15825663
0.15825663
0.15825663
0.15825663
0.15825663
0.15825663
0.15825663
0.15825663
0.15825663
0.15825663
0.15825663
0.15815679
0.15815679
0.15815679
0.15815679
0.15815679
0.15815679
0.15815679
0.15815679
0.15815679
0.15815679
0.15815679
0.15815679
0.15815679
0.15815679
0.15815679
0.15815679
0.15815679
0.15815679
0.15815679
0.15815679
0.15815679
0.15815679
0.15815679
0.15815679
0.15815679
0.15815679
0.15815679
0.15815679
0.15815679
0.15815679
0.15815679
0.15815679
0.15815679
0.15815679
0.15815679
0.15815679
0.15815679
0.15815679
0.15815679
0.15815679
0.15815679
0.15815679
0.15815679
0.15815679
0.15815679
0.15815679
0.15815679
0.15815679
0.15815679
0.15815679
0.15805679
0.15805679
0.15805679
0.15805679
0.15805679
0.15805679
0.15805679
0.15805679
0.15805679
0.15805679
0.15805679
0.15805679
0.15805679
0.15805679
0.15805679
0.15805679
0.15805679
0.15805679
0.15805679
0.15805679
0.15805679
0.15805679
0.15805679
0.15805679
0.15805679
0.15805679
0.15805679
0.15805679
0.15805679
0.15805679
0.15805679
0.15805679
0.15805679
0.15805679
0.15805679
0.15805679
0.15805679
0.15805679
0.15805679
0.15805679
0.15805679
0.15805679
0.15805679
0.15805679
0.15805679
0.15805679
0.15805679
0.15805679
0.15805679
0.15805679
0.15795663
0.15795663
0.15795663
0.15795663
0.15795663
0.15795663
0.15795663
0.15795663
0.15795663
0.15795663
0.15795663
0.15795663
0.15795663
0.15795663
0.15795663
0.15795663
0.15795663
0.15795663
0.15795663
0.15795663
0.15795663
0.15795663
0.15795663
0.15795663
0.15795663
0.15795663
0.15795663
0.15795663
0.15795663
0.15795663
0.15795663
0.15795663
0.15795663
0.15795663
0.15795663
0.15795663
0.15795663
0.15795663
0.15795663
0.15795663
0.15795663
0.15795663
0.15795663
0.15795663
0.15795663
0.15795663
0.15795663
0.15795663
0.15795663
0.15795663
0.15785632
0.15785632
0.15785632
0.15785632
0.15785632
0.15785632
0.15785632
0.15785632
0.15785632
0.15785632
0.15785632
0.15785632
0.15785632
0.15785632
0.15785632
0.15785632
0.15785632
0.15785632
0.15785632
0.15785632
0.15785632
0.15785632
0.15785632
0.15785632
0.15785632
0.15785632
0.15785632
0.15785632
0.15785632
0.15785632
0.15785632
0.15785632
0.15785632
0.15785632
0.15785632
0.15785632
0.15785632
0.15785632
0.15785632
0.15785632
0.15785632
0.15785632
0.15785632
0.15785632
0.15785632
0.15785632
0.15785632
0.15785632
0.15785632
0.15785632
0.15775585
0.15775585
0.15775585
0.15775585
0.15775585
0.15775585
0.15775585
0.15775585
0.15775585
0.15775585
0.15775585
0.15775585
0.15775585
0.15775585
0.15775585
0.15775585
0.15775585
0.15775585
0.15775585
0.15775585
0.15775585
0.15775585
0.15775585
0.15775585
0.15775585
0.15775585
0.15775585
0.15775585
0.15775585
0.15775585
0.15775585
0.15775585
0.15775585
0.15775585
0.15775585
0.15775585
0.15775585
0.15775585
0.15775585
0.15775585
0.15775585
0.15775585
0.15775585
0.15775585
0.15775585
0.15775585
0.15775585
0.15775585
0.15775585
0.15775585
0.15765524
0.15765524
0.15765524
0.15765524
0.15765524
0.15765524
0.15765524
0.15765524
0.15765524
0.15765524
0.15765524
0.15765524
0.15765524
0.15765524
0.15765524
0.15765524
0.15765524
0.15765524
0.15765524
0.15765524
0.15765524
0.15765524
0.15765524
0.15765524
0.15765524
0.15765524
0.15765524
0.15765524
0.15765524
0.15765524
0.15765524
0.15765524
0.15765524
0.15765524
0.15765524
0.15765524
0.15765524
0.15765524
0.15765524
0.15765524
0.15765524
0.15765524
0.15765524
0.15765524
0.15765524
0.15765524
0.15765524
0.15765524
0.15765524
0.15765524
0.15755449
0.15755449
0.15755449
0.15755449
0.15755449
0.15755449
0.15755449
0.15755449
0.15755449
0.15755449
0.15755449
0.15755449
0.15755449
0.15755449
0.15755449
0.15755449
0.15755449
0.15755449
0.15755449
0.15755449
0.15755449
0.15755449
0.15755449
0.15755449
0.15755449
0.15755449
0.15755449
0.15755449
0.15755449
0.15755449
0.15755449
0.15755449
0.15755449
0.15755449
0.15755449
0.15755449
0.15755449
0.15755449
0.15755449
0.15755449
0.15755449
0.15755449
0.15755449
0.15755449
0.15755449
0.15755449
0.15755449
0.15755449
0.15755449
0.15755449
0.1574536
0.1574536
0.1574536
0.1574536
0.1574536
0.1574536
0.1574536
0.1574536
0.1574536
0.1574536
0.1574536
0.1574536
0.1574536
0.1574536
0.1574536
0.1574536
0.1574536
0.1574536
0.1574536
0.1574536
0.1574536
0.1574536
0.1574536
0.1574536
0.1574536
0.1574536
0.1574536
0.1574536
0.1574536
0.1574536
0.1574536
0.1574536
0.1574536
0.1574536
0.1574536
0.1574536
0.1574536
0.1574536
0.1574536
0.1574536
0.1574536
0.1574536
0.1574536
0.1574536
0.1574536
0.1574536
0.1574536
0.1574536
0.1574536
0.1574536
0.15735258
0.15735258
0.15735258
0.15735258
0.15735258
0.15735258
0.15735258
0.15735258
0.15735258
0.15735258
0.15735258
0.15735258
0.15735258
0.15735258
0.15735258
0.15735258
0.15735258
0.15735258
0.15735258
0.15735258
0.15735258
0.15735258
0.15735258
0.15735258
0.15735258
0.15735258
0.15735258
0.15735258
0.15735258
0.15735258
0.15735258
0.15735258
0.15735258
0.15735258
0.15735258
0.15735258
0.15735258
0.15735258
0.15735258
0.15735258
0.15735258
0.15735258
0.15735258
0.15735258
0.15735258
0.15735258
0.15735258
0.15735258
0.15735258
0.15735258
0.15725142
0.15725142
0.15725142
0.15725142
0.15725142
0.15725142
0.15725142
0.15725142
0.15725142
0.15725142
0.15725142
0.15725142
0.15725142
0.15725142
0.15725142
0.15725142
0.15725142
0.15725142
0.15725142
0.15725142
0.15725142
0.15725142
0.15725142
0.15725142
0.15725142
0.15725142
0.15725142
0.15725142
0.15725142
0.15725142
0.15725142
0.15725142
0.15725142
0.15725142
0.15725142
0.15725142
0.15725142
0.15725142
0.15725142
0.15725142
0.15725142
0.15725142
0.15725142
0.15725142
0.15725142
0.15725142
0.15725142
0.15725142
0.15725142
0.15725142
0.15715014
0.15715014
0.15715014
0.15715014
0.15715014
0.15715014
0.15715014
0.15715014
0.15715014
0.15715014
0.15715014
0.15715014
0.15715014
0.15715014
0.15715014
0.15715014
0.15715014
0.15715014
0.15715014
0.15715014
0.15715014
0.15715014
0.15715014
0.15715014
0.15715014
0.15715014
0.15715014
0.15715014
0.15715014
0.15715014
0.15715014
0.15715014
0.15715014
0.15715014
0.15715014
0.15715014
0.15715014
0.15715014
0.15715014
0.15715014
0.15715014
0.15715014
0.15715014
0.15715014
0.15715014
0.15715014
0.15715014
0.15715014
0.15715014
0.15715014
0.15704874
0.15704874
0.15704874
0.15704874
0.15704874
0.15704874
0.15704874
0.15704874
0.15704874
0.15704874
0.15704874
0.15704874
0.15704874
0.15704874
0.15704874
0.15704874
0.15704874
0.15704874
0.15704874
0.15704874
0.15704874
0.15704874
0.15704874
0.15704874
0.15704874
0.15704874
0.15704874
0.15704874
0.15704874
0.15704874
0.15704874
0.15704874
0.15704874
0.15704874
0.15704874
0.15704874
0.15704874
0.15704874
0.15704874
0.15704874
0.15704874
0.15704874
0.15704874
0.15704874
0.15704874
0.15704874
0.15704874
0.15704874
0.15704874
0.15704874
0.15694722
0.15694722
0.15694722
0.15694722
0.15694722
0.15694722
0.15694722
0.15694722
0.15694722
0.15694722
0.15694722
0.15694722
0.15694722
0.15694722
0.15694722
0.15694722
0.15694722
0.15694722
0.15694722
0.15694722
0.15694722
0.15694722
0.15694722
0.15694722
0.15694722
0.15694722
0.15694722
0.15694722
0.15694722
0.15694722
0.15694722
0.15694722
0.15694722
0.15694722
0.15694722
0.15694722
0.15694722
0.15694722
0.15694722
0.15694722
0.15694722
0.15694722
0.15694722
0.15694722
0.15694722
0.15694722
0.15694722
0.15694722
0.15694722
0.15694722
0.15684558
0.15684558
0.15684558
0.15684558
0.15684558
0.15684558
0.15684558
0.15684558
0.15684558
0.15684558
0.15684558
0.15684558
0.15684558
0.15684558
0.15684558
0.15684558
0.15684558
0.15684558
0.15684558
0.15684558
0.15684558
0.15684558
0.15684558
0.15684558
0.15684558
0.15684558
0.15684558
0.15684558
0.15684558
0.15684558
0.15684558
0.15684558
0.15684558
0.15684558
0.15684558
0.15684558
0.15684558
0.15684558
0.15684558
0.15684558
0.15684558
0.15684558
0.15684558
0.15684558
0.15684558
0.15684558
0.15684558
0.15684558
0.15684558
0.15684558
0.15674383
0.15674383
0.15674383
0.15674383
0.15674383
0.15674383
0.15674383
0.15674383
0.15674383
0.15674383
0.15674383
0.15674383
0.15674383
0.15674383
0.15674383
0.15674383
0.15674383
0.15674383
0.15674383
0.15674383
0.15674383
0.15674383
0.15674383
0.15674383
0.15674383
0.15674383
0.15674383
0.15674383
0.15674383
0.15674383
0.15674383
0.15674383
0.15674383
0.15674383
0.15674383
0.15674383
0.15674383
0.15674383
0.15674383
0.15674383
0.15674383
0.15674383
0.15674383
0.15674383
0.15674383
0.15674383
0.15674383
0.15674383
0.15674383
0.15674383
0.15664198
0.15664198
0.15664198
0.15664198
0.15664198
0.15664198
0.15664198
0.15664198
0.15664198
0.15664198
0.15664198
0.15664198
0.15664198
0.15664198
0.15664198
0.15664198
0.15664198
0.15664198
0.15664198
0.15664198
0.15664198
0.15664198
0.15664198
0.15664198
0.15664198
0.15664198
0.15664198
0.15664198
0.15664198
0.15664198
0.15664198
0.15664198
0.15664198
0.15664198
0.15664198
0.15664198
0.15664198
0.15664198
0.15664198
0.15664198
0.15664198
0.15664198
0.15664198
0.15664198
0.15664198
0.15664198
0.15664198
0.15664198
0.15664198
0.15664198
0.15654001
0.15654001
0.15654001
0.15654001
0.15654001
0.15654001
0.15654001
0.15654001
0.15654001
0.15654001
0.15654001
0.15654001
0.15654001
0.15654001
0.15654001
0.15654001
0.15654001
0.15654001
0.15654001
0.15654001
0.15654001
0.15654001
0.15654001
0.15654001
0.15654001
0.15654001
0.15654001
0.15654001
0.15654001
0.15654001
0.15654001
0.15654001
0.15654001
0.15654001
0.15654001
0.15654001
0.15654001
0.15654001
0.15654001
0.15654001
0.15654001
0.15654001
0.15654001
0.15654001
0.15654001
0.15654001
0.15654001
0.15654001
0.15654001
0.15654001
0.15643794
0.15643794
0.15643794
0.15643794
0.15643794
0.15643794
0.15643794
0.15643794
0.15643794
0.15643794
0.15643794
0.15643794
0.15643794
0.15643794
0.15643794
0.15643794
0.15643794
0.15643794
0.15643794
0.15643794
0.15643794
0.15643794
0.15643794
0.15643794
0.15643794
0.15643794
0.15643794
0.15643794
0.15643794
0.15643794
0.15643794
0.15643794
0.15643794
0.15643794
0.15643794
0.15643794
0.15643794
0.15643794
0.15643794
0.15643794
0.15643794
0.15643794
0.15643794
0.15643794
0.15643794
0.15643794
0.15643794
0.15643794
0.15643794
0.15643794
0.15633577
0.15633577
0.15633577
0.15633577
0.15633577
0.15633577
0.15633577
0.15633577
0.15633577
0.15633577
0.15633577
0.15633577
0.15633577
0.15633577
0.15633577
0.15633577
0.15633577
0.15633577
0.15633577
0.15633577
0.15633577
0.15633577
0.15633577
0.15633577
0.15633577
0.15633577
0.15633577
0.15633577
0.15633577
0.15633577
0.15633577
0.15633577
0.15633577
0.15633577
0.15633577
0.15633577
0.15633577
0.15633577
0.15633577
0.15633577
0.15633577
0.15633577
0.15633577
0.15633577
0.15633577
0.15633577
0.15633577
0.15633577
0.15633577
0.15633577
0.15623351
0.15623351
0.15623351
0.15623351
0.15623351
0.15623351
0.15623351
0.15623351
0.15623351
0.15623351
0.15623351
0.15623351
0.15623351
0.15623351
0.15623351
0.15623351
0.15623351
0.15623351
0.15623351
0.15623351
0.15623351
0.15623351
0.15623351
0.15623351
0.15623351
0.15623351
0.15623351
0.15623351
0.15623351
0.15623351
0.15623351
0.15623351
0.15623351
0.15623351
0.15623351
0.15623351
0.15623351
0.15623351
0.15623351
0.15623351
0.15623351
0.15623351
0.15623351
0.15623351
0.15623351
0.15623351
0.15623351
0.15623351
0.15623351
0.15623351
0.15613115
0.15613115
0.15613115
0.15613115
0.15613115
0.15613115
0.15613115
0.15613115
0.15613115
0.15613115
0.15613115
0.15613115
0.15613115
0.15613115
0.15613115
0.15613115
0.15613115
0.15613115
0.15613115
0.15613115
0.15613115
0.15613115
0.15613115
0.15613115
0.15613115
0.15613115
0.15613115
0.15613115
0.15613115
0.15613115
0.15613115
0.15613115
0.15613115
0.15613115
0.15613115
0.15613115
0.15613115
0.15613115
0.15613115
0.15613115
0.15613115
0.15613115
0.15613115
0.15613115
0.15613115
0.15613115
0.15613115
0.15613115
0.15613115
0.15613115
0.15602869
0.15602869
0.15602869
0.15602869
0.15602869
0.15602869
0.15602869
0.15602869
0.15602869
0.15602869
0.15602869
0.15602869
0.15602869
0.15602869
0.15602869
0.15602869
0.15602869
0.15602869
0.15602869
0.15602869
0.15602869
0.15602869
0.15602869
0.15602869
0.15602869
0.15602869
0.15602869
0.15602869
0.15602869
0.15602869
0.15602869
0.15602869
0.15602869
0.15602869
0.15602869
0.15602869
0.15602869
0.15602869
0.15602869
0.15602869
0.15602869
0.15602869
0.15602869
0.15602869
0.15602869
0.15602869
0.15602869
0.15602869
0.15602869
0.15602869
0.15592615
0.15592615
0.15592615
0.15592615
0.15592615
0.15592615
0.15592615
0.15592615
0.15592615
0.15592615
0.15592615
0.15592615
0.15592615
0.15592615
0.15592615
0.15592615
0.15592615
0.15592615
0.15592615
0.15592615
0.15592615
0.15592615
0.15592615
0.15592615
0.15592615
0.15592615
0.15592615
0.15592615
0.15592615
0.15592615
0.15592615
0.15592615
0.15592615
0.15592615
0.15592615
0.15592615
0.15592615
0.15592615
0.15592615
0.15592615
0.15592615
0.15592615
0.15592615
0.15592615
0.15592615
0.15592615
0.15592615
0.15592615
0.15592615
0.15592615
0.15582352
0.15582352
0.15582352
0.15582352
0.15582352
0.15582352
0.15582352
0.15582352
0.15582352
0.15582352
0.15582352
0.15582352
0.15582352
0.15582352
0.15582352
0.15582352
0.15582352
0.15582352
0.15582352
0.15582352
0.15582352
0.15582352
0.15582352
0.15582352
0.15582352
0.15582352
0.15582352
0.15582352
0.15582352
0.15582352
0.15582352
0.15582352
0.15582352
0.15582352
0.15582352
0.15582352
0.15582352
0.15582352
0.15582352
0.15582352
0.15582352
0.15582352
0.15582352
0.15582352
0.15582352
0.15582352
0.15582352
0.15582352
0.15582352
0.15582352
0.15572081
0.15572081
0.15572081
0.15572081
0.15572081
0.15572081
0.15572081
0.15572081
0.15572081
0.15572081
0.15572081
0.15572081
0.15572081
0.15572081
0.15572081
0.15572081
0.15572081
0.15572081
0.15572081
0.15572081
0.15572081
0.15572081
0.15572081
0.15572081
0.15572081
0.15572081
0.15572081
0.15572081
0.15572081
0.15572081
0.15572081
0.15572081
0.15572081
0.15572081
0.15572081
0.15572081
0.15572081
0.15572081
0.15572081
0.15572081
0.15572081
0.15572081
0.15572081
0.15572081
0.15572081
0.15572081
0.15572081
0.15572081
0.15572081
0.15572081
0.15561802
0.15561802
0.15561802
0.15561802
0.15561802
0.15561802
0.15561802
0.15561802
0.15561802
0.15561802
0.15561802
0.15561802
0.15561802
0.15561802
0.15561802
0.15561802
0.15561802
0.15561802
0.15561802
0.15561802
0.15561802
0.15561802
0.15561802
0.15561802
0.15561802
0.15561802
0.15561802
0.15561802
0.15561802
0.15561802
0.15561802
0.15561802
0.15561802
0.15561802
0.15561802
0.15561802
0.15561802
0.15561802
0.15561802
0.15561802
0.15561802
0.15561802
0.15561802
0.15561802
0.15561802
0.15561802
0.15561802
0.15561802
0.15561802
0.15561802
0.15551514
0.15551514
0.15551514
0.15551514
0.15551514
0.15551514
0.15551514
0.15551514
0.15551514
0.15551514
0.15551514
0.15551514
0.15551514
0.15551514
0.15551514
0.15551514
0.15551514
0.15551514
0.15551514
0.15551514
0.15551514
0.15551514
0.15551514
0.15551515
0.15551515
0.15551515
0.15551515
0.15551515
0.15551515
0.15551515
0.15551515
0.15551515
0.15551515
0.15551515
0.15551515
0.15551515
0.15551515
0.15551515
0.15551515
0.15551515
0.15551515
0.15551515
0.15551515
0.15551515
0.15551515
0.15551515
0.15551515
0.15551515
0.15551515
0.15551515
0.15541219
0.15541219
0.15541219
0.15541219
0.15541219
0.15541219
0.15541219
0.15541219
0.15541219
0.15541219
0.15541219
0.15541219
0.15541219
0.15541219
0.15541219
0.15541219
0.15541219
0.15541219
0.15541219
0.15541219
0.15541219
0.15541219
0.15541219
0.15541219
0.15541219
0.15541219
0.15541219
0.15541219
0.15541219
0.15541219
0.15541219
0.15541219
0.15541219
0.15541219
0.15541219
0.15541219
0.15541219
0.15541219
0.15541219
0.15541219
0.15541219
0.15541219
0.15541219
0.15541219
0.15541219
0.15541219
0.15541219
0.15541219
0.15541219
0.15541219
0.15530917
0.15530917
0.15530917
0.15530917
0.15530917
0.15530917
0.15530917
0.15530917
0.15530917
0.15530917
0.15530917
0.15530917
0.15530917
0.15530917
0.15530917
0.15530917
0.15530917
0.15530917
0.15530917
0.15530917
0.15530917
0.15530917
0.15530917
0.15530917
0.15530917
0.15530917
0.15530917
0.15530917
0.15530917
0.15530917
0.15530917
0.15530917
0.15530917
0.15530917
0.15530917
0.15530917
0.15530917
0.15530917
0.15530917
0.15530917
0.15530917
0.15530917
0.15530917
0.15530917
0.15530917
0.15530917
0.15530917
0.15530917
0.15530917
0.15530917
0.15520606
0.15520606
0.15520606
0.15520606
0.15520606
0.15520606
0.15520606
0.15520606
0.15520606
0.15520606
0.15520606
0.15520606
0.15520606
0.15520606
0.15520606
0.15520606
0.15520606
0.15520606
0.15520606
0.15520606
0.15520606
0.15520606
0.15520606
0.15520606
0.15520606
0.15520606
0.15520606
0.15520606
0.15520606
0.15520606
0.15520606
0.15520606
0.15520606
0.15520606
0.15520606
0.15520606
0.15520606
0.15520606
0.15520606
0.15520606
0.15520606
0.15520606
0.15520606
0.15520606
0.15520606
0.15520606
0.15520606
0.15520606
0.15520606
0.15520606
0.15510288
0.15510288
0.15510288
0.15510288
0.15510288
0.15510288
0.15510288
0.15510288
0.15510288
0.15510288
0.15510288
0.15510288
0.15510288
0.15510288
0.15510288
0.15510288
0.15510288
0.15510288
0.15510288
0.15510288
0.15510288
0.15510288
0.15510288
0.15510288
0.15510288
0.15510288
0.15510288
0.15510288
0.15510288
0.15510288
0.15510288
0.15510288
0.15510288
0.15510289
0.15510289
0.15510289
0.15510289
0.15510289
0.15510289
0.15510289
0.15510289
0.15510289
0.15510289
0.15510289
0.15510289
0.15510289
0.15510289
0.15510289
0.15510289
0.15510289
0.15499963
0.15499963
0.15499963
0.15499963
0.15499963
0.15499963
0.15499963
0.15499963
0.15499963
0.15499963
0.15499963
0.15499963
0.15499963
0.15499963
0.15499963
0.15499963
0.15499963
0.15499963
0.15499963
0.15499963
0.15499963
0.15499963
0.15499963
0.15499963
0.15499963
0.15499963
0.15499963
0.15499963
0.15499963
0.15499963
0.15499963
0.15499963
0.15499963
0.15499963
0.15499963
0.15499963
0.15499963
0.15499963
0.15499963
0.15499963
0.15499963
0.15499963
0.15499963
0.15499963
0.15499963
0.15499963
0.15499963
0.15499963
0.15499963
0.15499963
0.1548963
0.1548963
0.1548963
0.1548963
0.1548963
0.1548963
0.1548963
0.1548963
0.1548963
0.1548963
0.1548963
0.1548963
0.1548963
0.1548963
0.1548963
0.1548963
0.1548963
0.1548963
0.1548963
0.1548963
0.1548963
0.1548963
0.1548963
0.1548963
0.1548963
0.1548963
0.1548963
0.1548963
0.1548963
0.1548963
0.1548963
0.1548963
0.1548963
0.1548963
0.15489631
0.15489631
0.15489631
0.15489631
0.15489631
0.15489631
0.15489631
0.15489631
0.15489631
0.15489631
0.15489631
0.15489631
0.15489631
0.15489631
0.15489631
0.15489631
0.1547929
0.1547929
0.1547929
0.1547929
0.1547929
0.1547929
0.1547929
0.1547929
0.1547929
0.1547929
0.1547929
0.1547929
0.1547929
0.1547929
0.1547929
0.1547929
0.1547929
0.1547929
0.1547929
0.1547929
0.1547929
0.1547929
0.1547929
0.1547929
0.1547929
0.1547929
0.1547929
0.1547929
0.1547929
0.1547929
0.1547929
0.1547929
0.1547929
0.1547929
0.1547929
0.1547929
0.1547929
0.1547929
0.1547929
0.1547929
0.1547929
0.1547929
0.1547929
0.1547929
0.1547929
0.15479291
0.15479291
0.15479291
0.15479291
0.15479291
0.15468942
0.15468942
0.15468942
0.15468942
0.15468942
0.15468942
0.15468942
0.15468942
0.15468942
0.15468942
0.15468942
0.15468942
0.15468942
0.15468942
0.15468942
0.15468942
0.15468942
0.15468942
0.15468942
0.15468943
0.15468943
0.15468943
0.15468943
0.15468943
0.15468943
0.15468943
0.15468943
0.15468943
0.15468943
0.15468943
0.15468943
0.15468943
0.15468943
0.15468943
0.15468943
0.15468943
0.15468943
0.15468943
0.15468943
0.15468943
0.15468943
0.15468943
0.15468943
0.15468943
0.15468943
0.15468943
0.15468943
0.15468943
0.15468943
0.15468943
0.15458587
0.15458587
0.15458587
0.15458587
0.15458587
0.15458587
0.15458587
0.15458587
0.15458587
0.15458587
0.15458587
0.15458587
0.15458587
0.15458587
0.15458587
0.15458587
0.15458587
0.15458587
0.15458587
0.15458588
0.15458588
0.15458588
0.15458588
0.15458588
0.15458588
0.15458588
0.15458588
0.15458588
0.15458588
0.15458588
0.15458588
0.15458588
0.15458588
0.15458588
0.15458588
0.15458588
0.15458588
0.15458588
0.15458588
0.15458588
0.15458588
0.15458588
0.15458588
0.15458588
0.15458588
0.15458588
0.15458588
0.15458588
0.15458588
0.15458588
0.15448225
0.15448225
0.15448225
0.15448225
0.15448225
0.15448225
0.15448225
0.15448225
0.15448225
0.15448225
0.15448225
0.15448225
0.15448225
0.15448225
0.15448225
0.15448225
0.15448225
0.15448225
0.15448225
0.15448225
0.15448225
0.15448225
0.15448225
0.15448225
0.15448225
0.15448225
0.15448225
0.15448225
0.15448225
0.15448225
0.15448225
0.15448226
0.15448226
0.15448226
0.15448226
0.15448226
0.15448226
0.15448226
0.15448226
0.15448226
0.15448226
0.15448226
0.15448226
0.15448226
0.15448226
0.15448226
0.15448226
0.15448226
0.15448226
0.15448226
0.15437855
0.15437855
0.15437855
0.15437855
0.15437855
0.15437855
0.15437855
0.15437855
0.15437855
0.15437855
0.15437855
0.15437855
0.15437855
0.15437855
0.15437855
0.15437855
0.15437855
0.15437855
0.15437855
0.15437855
0.15437856
0.15437856
0.15437856
0.15437856
0.15437856
0.15437856
0.15437856
0.15437856
0.15437856
0.15437856
0.15437856
0.15437856
0.15437856
0.15437856
0.15437856
0.15437856
0.15437856
0.15437856
0.15437856
0.15437856
0.15437856
0.15437856
0.15437856
0.15437856
0.15437856
0.15437856
0.15437856
0.15437856
0.15437856
0.15437856
0.15427478
0.15427478
0.15427478
0.15427478
0.15427478
0.15427478
0.15427478
0.15427478
0.15427478
0.15427478
0.15427478
0.15427478
0.15427478
0.15427478
0.15427478
0.15427478
0.15427478
0.15427479
0.15427479
0.15427479
0.15427479
0.15427479
0.15427479
0.15427479
0.15427479
0.15427479
0.15427479
0.15427479
0.15427479
0.15427479
0.15427479
0.15427479
0.15427479
0.15427479
0.15427479
0.15427479
0.15427479
0.15427479
0.15427479
0.15427479
0.15427479
0.15427479
0.1542748
0.1542748
0.1542748
0.1542748
0.1542748
0.1542748
0.1542748
0.1542748
0.15417094
0.15417094
0.15417094
0.15417094
0.15417094
0.15417094
0.15417094
0.15417094
0.15417094
0.15417094
0.15417094
0.15417094
0.15417094
0.15417094
0.15417094
0.15417094
0.15417094
0.15417094
0.15417094
0.15417095
0.15417095
0.15417095
0.15417095
0.15417095
0.15417095
0.15417095
0.15417095
0.15417095
0.15417095
0.15417095
0.15417095
0.15417095
0.15417095
0.15417095
0.15417095
0.15417095
0.15417095
0.15417095
0.15417095
0.15417095
0.15417096
0.15417096
0.15417096
0.15417096
0.15417096
0.15417096
0.15417096
0.15417096
0.15417096
0.15417096
0.15406703
0.15406703
0.15406703
0.15406703
0.15406703
0.15406703
0.15406703
0.15406703
0.15406703
0.15406703
0.15406703
0.15406703
0.15406703
0.15406703
0.15406703
0.15406703
0.15406703
0.15406703
0.15406703
0.15406703
0.15406703
0.15406703
0.15406704
0.15406704
0.15406704
0.15406704
0.15406704
0.15406704
0.15406704
0.15406704
0.15406704
0.15406704
0.15406704
0.15406704
0.15406704
0.15406704
0.15406704
0.15406704
0.15406704
0.15406704
0.15406705
0.15406705
0.15406705
0.15406705
0.15406705
0.15406705
0.15406705
0.15406705
0.15406705
0.15406705
0.15396305
0.15396305
0.15396305
0.15396305
0.15396305
0.15396305
0.15396305
0.15396305
0.15396305
0.15396305
0.15396305
0.15396305
0.15396305
0.15396305
0.15396305
0.15396305
0.15396305
0.15396305
0.15396305
0.15396305
0.15396305
0.15396305
0.15396305
0.15396306
0.15396306
0.15396306
0.15396306
0.15396306
0.15396306
0.15396306
0.15396306
0.15396306
0.15396306
0.15396306
0.15396306
0.15396306
0.15396306
0.15396306
0.15396306
0.15396307
0.15396307
0.15396307
0.15396307
0.15396307
0.15396307
0.15396307
0.15396307
0.15396307
0.15396307
0.15396307
0.153859
0.153859
0.153859
0.153859
0.153859
0.153859
0.153859
0.153859
0.153859
0.153859
0.153859
0.153859
0.153859
0.153859
0.153859
0.153859
0.153859
0.153859
0.153859
0.153859
0.15385901
0.15385901
0.15385901
0.15385901
0.15385901
0.15385901
0.15385901
0.15385901
0.15385901
0.15385901
0.15385901
0.15385901
0.15385901
0.15385901
0.15385901
0.15385902
0.15385902
0.15385902
0.15385902
0.15385902
0.15385902
0.15385902
0.15385902
0.15385902
0.15385902
0.15385902
0.15385902
0.15385902
0.15385902
0.15385902
0.15375488
0.15375488
0.15375488
0.15375488
0.15375488
0.15375488
0.15375488
0.15375488
0.15375488
0.15375489
0.15375489
0.15375489
0.15375489
0.15375489
0.15375489
0.15375489
0.15375489
0.15375489
0.15375489
0.15375489
0.15375489
0.15375489
0.15375489
0.15375489
0.15375489
0.15375489
0.15375489
0.1537549
0.1537549
0.1537549
0.1537549
0.1537549
0.1537549
0.1537549
0.1537549
0.1537549
0.1537549
0.1537549
0.1537549
0.1537549
0.1537549
0.15375491
0.15375491
0.15375491
0.15375491
0.15375491
0.15375491
0.15375491
0.15375491
0.15375491
0.1536507
0.1536507
0.1536507
0.1536507
0.1536507
0.1536507
0.1536507
0.1536507
0.1536507
0.15365071
0.15365071
0.15365071
0.15365071
0.15365071
0.15365071
0.15365071
0.15365071
0.15365071
0.15365071
0.15365071
0.15365071
0.15365071
0.15365071
0.15365071
0.15365071
0.15365071
0.15365072
0.15365072
0.15365072
0.15365072
0.15365072
0.15365072
0.15365072
0.15365072
0.15365072
0.15365072
0.15365072
0.15365072
0.15365072
0.15365073
0.15365073
0.15365073
0.15365073
0.15365073
0.15365073
0.15365073
0.15365073
0.15365073
0.15365073
0.15365073
0.15354646
0.15354646
0.15354646
0.15354646
0.15354646
0.15354646
0.15354646
0.15354646
0.15354646
0.15354646
0.15354646
0.15354646
0.15354646
0.15354646
0.15354646
0.15354646
0.15354647
0.15354647
0.15354647
0.15354647
0.15354647
0.15354647
0.15354647
0.15354647
0.15354647
0.15354647
0.15354647
0.15354647
0.15354647
0.15354648
0.15354648
0.15354648
0.15354648
0.15354648
0.15354648
0.15354648
0.15354648
0.15354648
0.15354648
0.15354648
0.15354648
0.15354649
0.15354649
0.15354649
0.15354649
0.15354649
0.15354649
0.15354649
0.15354649
0.15354649
0.15344216
0.15344216
0.15344216
0.15344216
0.15344216
0.15344216
0.15344216
0.15344216
0.15344216
0.15344216
0.15344216
0.15344216
0.15344216
0.15344216
0.15344216
0.15344216
0.15344216
0.15344216
0.15344216
0.15344216
0.15344216
0.15344216
0.15344217
0.15344217
0.15344217
0.15344217
0.15344217
0.15344217
0.15344217
0.15344217
0.15344217
0.15344217
0.15344217
0.15344218
0.15344218
0.15344218
0.15344218
0.15344218
0.15344218
0.15344218
0.15344218
0.15344218
0.15344218
0.15344218
0.15344218
0.15344218
0.15344219
0.15344219
0.15344219
0.15344219
0.15333779
0.15333779
0.15333779
0.15333779
0.15333779
0.15333779
0.15333779
0.15333779
0.15333779
0.15333779
0.15333779
0.15333779
0.15333779
0.1533378
0.1533378
0.1533378
0.1533378
0.1533378
0.1533378
0.1533378
0.1533378
0.1533378
0.1533378
0.1533378
0.1533378
0.1533378
0.15333781
0.15333781
0.15333781
0.15333781
0.15333781
0.15333781
0.15333781
0.15333781
0.15333781
0.15333781
0.15333781
0.15333782
0.15333782
0.15333782
0.15333782
0.15333782
0.15333782
0.15333782
0.15333782
0.15333782
0.15333782
0.15333782
0.15333782
0.15333782
0.15323337
0.15323337
0.15323337
0.15323337
0.15323337
0.15323337
0.15323337
0.15323337
0.15323337
0.15323337
0.15323337
0.15323337
0.15323337
0.15323337
0.15323337
0.15323337
0.15323338
0.15323338
0.15323338
0.15323338
0.15323338
0.15323338
0.15323338
0.15323338
0.15323338
0.15323338
0.15323338
0.15323338
0.15323339
0.15323339
0.15323339
0.15323339
0.15323339
0.15323339
0.15323339
0.15323339
0.15323339
0.15323339
0.1532334
0.1532334
0.1532334
0.1532334
0.1532334
0.1532334
0.1532334
0.1532334
0.1532334
0.1532334
0.1532334
0.1532334
0.15312889
0.15312889
0.15312889
0.15312889
0.15312889
0.15312889
0.15312889
0.15312889
0.15312889
0.15312889
0.15312889
0.15312889
0.15312889
0.1531289
0.1531289
0.1531289
0.1531289
0.1531289
0.1531289
0.1531289
0.1531289
0.1531289
0.1531289
0.1531289
0.1531289
0.15312891
0.15312891
0.15312891
0.15312891
0.15312891
0.15312891
0.15312891
0.15312891
0.15312891
0.15312891
0.15312892
0.15312892
0.15312892
0.15312892
0.15312892
0.15312892
0.15312892
0.15312892
0.15312892
0.15312892
0.15312892
0.15312892
0.15312893
0.15312893
0.15312893
0.15302436
0.15302436
0.15302436
0.15302436
0.15302436
0.15302436
0.15302436
0.15302436
0.15302436
0.15302436
0.15302436
0.15302436
0.15302436
0.15302436
0.15302436
0.15302436
0.15302436
0.15302437
0.15302437
0.15302437
0.15302437
0.15302437
0.15302437
0.15302437
0.15302437
0.15302437
0.15302437
0.15302437
0.15302438
0.15302438
0.15302438
0.15302438
0.15302438
0.15302438
0.15302438
0.15302438
0.15302438
0.15302439
0.15302439
0.15302439
0.15302439
0.15302439
0.15302439
0.15302439
0.15302439
0.15302439
0.15302439
0.15302439
0.15302439
0.15302439
0.15291977
0.15291977
0.15291977
0.15291977
0.15291977
0.15291977
0.15291977
0.15291977
0.15291977
0.15291977
0.15291978
0.15291978
0.15291978
0.15291978
0.15291978
0.15291978
0.15291978
0.15291978
0.15291978
0.15291978
0.15291978
0.15291978
0.15291978
0.15291979
0.15291979
0.15291979
0.15291979
0.15291979
0.15291979
0.15291979
0.15291979
0.15291979
0.1529198
0.1529198
0.1529198
0.1529198
0.1529198
0.1529198
0.1529198
0.1529198
0.1529198
0.1529198
0.15291981
0.15291981
0.15291981
0.15291981
0.15291981
0.15291981
0.15291981
0.15291981
0.15281514
0.15281514
0.15281514
0.15281514
0.15281514
0.15281514
0.15281514
0.15281514
0.15281514
0.15281514
0.15281514
0.15281514
0.15281514
0.15281514
0.15281514
0.15281514
0.15281514
0.15281514
0.15281514
0.15281515
0.15281515
0.15281515
0.15281515
0.15281515
0.15281515
0.15281515
0.15281515
0.15281515
0.15281515
0.15281516
0.15281516
0.15281516
0.15281516
0.15281516
0.15281516
0.15281516
0.15281516
0.15281516
0.15281517
0.15281517
0.15281517
0.15281517
0.15281517
0.15281517
0.15281517
0.15281517
0.15281517
0.15281517
0.15281517
0.15281517
0.15271045
0.15271045
0.15271045
0.15271045
0.15271045
0.15271045
0.15271045
0.15271045
0.15271045
0.15271045
0.15271045
0.15271045
0.15271045
0.15271045
0.15271045
0.15271046
0.15271046
0.15271046
0.15271046
0.15271046
0.15271046
0.15271046
0.15271046
0.15271046
0.15271046
0.15271047
0.15271047
0.15271047
0.15271047
0.15271047
0.15271047
0.15271047
0.15271047
0.15271047
0.15271048
0.15271048
0.15271048
0.15271048
0.15271048
0.15271048
0.15271048
0.15271048
0.15271048
0.15271049
0.15271049
0.15271049
0.15271049
0.15271049
0.15271049
0.15271049
0.15260572
0.15260572
0.15260572
0.15260572
0.15260572
0.15260572
0.15260572
0.15260572
0.15260572
0.15260572
0.15260572
0.15260572
0.15260572
0.15260572
0.15260572
0.15260572
0.15260572
0.15260572
0.15260572
0.15260572
0.15260573
0.15260573
0.15260573
0.15260573
0.15260573
0.15260573
0.15260573
0.15260573
0.15260573
0.15260574
0.15260574
0.15260574
0.15260574
0.15260574
0.15260574
0.15260574
0.15260574
0.15260575
0.15260575
0.15260575
0.15260575
0.15260575
0.15260575
0.15260575
0.15260575
0.15260575
0.15260575
0.15260575
0.15260576
0.15260576
0.15250094
0.15250094
0.15250093
0.15250093
0.15250094
0.15250094
0.15250094
0.15250094
0.15250094
0.15250094
0.15250094
0.15250094
0.15250094
0.15250094
0.15250094
0.15250094
0.15250094
0.15250094
0.15250094
0.15250094
0.15250095
0.15250095
0.15250095
0.15250095
0.15250095
0.15250095
0.15250095
0.15250095
0.15250095
0.15250096
0.15250096
0.15250096
0.15250096
0.15250096
0.15250096
0.15250096
0.15250096
0.15250097
0.15250097
0.15250097
0.15250097
0.15250097
0.15250097
0.15250097
0.15250097
0.15250097
0.15250097
0.15250098
0.15250098
0.15250098
0.15239611
0.15239611
0.15239611
0.15239611
0.15239611
0.15239611
0.15239611
0.15239611
0.15239611
0.15239611
0.15239611
0.15239611
0.15239611
0.15239611
0.15239611
0.15239612
0.15239612
0.15239612
0.15239612
0.15239612
0.15239612
0.15239612
0.15239612
0.15239612
0.15239612
0.15239613
0.15239613
0.15239613
0.15239613
0.15239613
0.15239613
0.15239613
0.15239613
0.15239614
0.15239614
0.15239614
0.15239614
0.15239614
0.15239614
0.15239614
0.15239614
0.15239615
0.15239615
0.15239615
0.15239615
0.15239615
0.15239615
0.15239615
0.15239615
0.15239615
0.15229124
0.15229124
0.15229124
0.15229124
0.15229124
0.15229124
0.15229124
0.15229124
0.15229124
0.15229124
0.15229124
0.15229124
0.15229125
0.15229125
0.15229125
0.15229125
0.15229125
0.15229125
0.15229125
0.15229125
0.15229125
0.15229125
0.15229125
0.15229126
0.15229126
0.15229126
0.15229126
0.15229126
0.15229126
0.15229126
0.15229126
0.15229127
0.15229127
0.15229127
0.15229127
0.15229127
0.15229127
0.15229127
0.15229127
0.15229128
0.15229128
0.15229128
0.15229128
0.15229128
0.15229128
0.15229128
0.15229128
0.15229128
0.15229128
0.15229128
0.15218633
0.15218633
0.15218633
0.15218633
0.15218633
0.15218633
0.15218633
0.15218633
0.15218633
0.15218633
0.15218634
0.15218634
0.15218634
0.15218634
0.15218634
0.15218634
0.15218634
0.15218634
0.15218634
0.15218634
0.15218634
0.15218634
0.15218635
0.15218635
0.15218635
0.15218635
0.15218635
0.15218635
0.15218635
0.15218635
0.15218636
0.15218636
0.15218636
0.15218636
0.15218636
0.15218636
0.15218636
0.15218636
0.15218637
0.15218637
0.15218637
0.15218637
0.15218637
0.15218637
0.15218637
0.15218637
0.15218637
0.15218637
0.15218638
0.15218638
0.15208102
0.15208102
0.15208102
0.15208102
0.15208102
0.15208102
0.15208102
0.15208102
0.15208102
0.15208102
0.15208102
0.15208102
0.15208102
0.15208102
0.15208102
0.15208102
0.15208102
0.15208102
0.15208102
0.15208103
0.15208103
0.15208103
0.15208103
0.15208103
0.15208103
0.15208103
0.15208103
0.15208103
0.15208104
0.15208104
0.15208104
0.15208104
0.15208104
0.15208104
0.15208104
0.15208104
0.15208105
0.15208105
0.15208105
0.15208105
0.15208105
0.15208105
0.15208105
0.15208105
0.15208105
0.15208106
0.15208106
0.15208106
0.15208106
0.15208106
0.15197535
0.15197535
0.15197535
0.15197535
0.15197535
0.15197535
0.15197535
0.15197535
0.15197535
0.15197535
0.15197535
0.15197535
0.15197535
0.15197536
0.15197536
0.15197536
0.15197536
0.15197536
0.15197536
0.15197536
0.15197536
0.15197536
0.15197536
0.15197537
0.15197537
0.15197537
0.15197537
0.15197537
0.15197537
0.15197537
0.15197537
0.15197538
0.15197538
0.15197538
0.15197538
0.15197538
0.15197538
0.15197538
0.15197538
0.15197539
0.15197539
0.15197539
0.15197539
0.15197539
0.15197539
0.15197539
0.15197539
0.15197539
0.15197539
0.15197539
0.15186964
0.15186964
0.15186964
0.15186964
0.15186964
0.15186964
0.15186964
0.15186964
0.15186964
0.15186965
0.15186965
0.15186965
0.15186965
0.15186965
0.15186965
0.15186965
0.15186965
0.15186965
0.15186965
0.15186965
0.15186965
0.15186966
0.15186966
0.15186966
0.15186966
0.15186966
0.15186966
0.15186966
0.15186966
0.15186967
0.15186967
0.15186967
0.15186967
0.15186967
0.15186967
0.15186967
0.15186967
0.15186968
0.15186968
0.15186968
0.15186968
0.15186968
0.15186968
0.15186968
0.15186968
0.15186968
0.15186969
0.15186969
0.15186969
0.15186969
0.15176389
0.15176389
0.15176389
0.15176389
0.15176389
0.15176389
0.15176389
0.15176389
0.1517639
0.1517639
0.1517639
0.1517639
0.1517639
0.1517639
0.1517639
0.1517639
0.1517639
0.1517639
0.1517639
0.1517639
0.1517639
0.15176391
0.15176391
0.15176391
0.15176391
0.15176391
0.15176391
0.15176391
0.15176391
0.15176392
0.15176392
0.15176392
0.15176392
0.15176392
0.15176392
0.15176392
0.15176392
0.15176393
0.15176393
0.15176393
0.15176393
0.15176393
0.15176393
0.15176393
0.15176393
0.15176393
0.15176394
0.15176394
0.15176394
0.15176394
0.1516581
0.1516581
0.1516581
0.1516581
0.1516581
0.1516581
0.1516581
0.1516581
0.1516581
0.1516581
0.15165811
0.15165811
0.15165811
0.15165811
0.15165811
0.15165811
0.15165811
0.15165811
0.15165811
0.15165811
0.15165811
0.15165811
0.15165812
0.15165812
0.15165812
0.15165812
0.15165812
0.15165812
0.15165812
0.15165812
0.15165813
0.15165813
0.15165813
0.15165813
0.15165813
0.15165813
0.15165813
0.15165814
0.15165814
0.15165814
0.15165814
0.15165814
0.15165814
0.15165814
0.15165814
0.15165814
0.15165814
0.15165815
0.15165815
0.15165815
0.15155227
0.15155227
0.15155227
0.15155227
0.15155227
0.15155227
0.15155227
0.15155227
0.15155227
0.15155227
0.15155227
0.15155227
0.15155227
0.15155227
0.15155228
0.15155228
0.15155228
0.15155228
0.15155228
0.15155228
0.15155228
0.15155228
0.15155228
0.15155228
0.15155229
0.15155229
0.15155229
0.15155229
0.15155229
0.15155229
0.15155229
0.15155229
0.1515523
0.1515523
0.1515523
0.1515523
0.1515523
0.1515523
0.1515523
0.15155231
0.15155231
0.15155231
0.15155231
0.15155231
0.15155231
0.15155231
0.15155231
0.15155231
0.15155231
0.15155231
0.1514464
0.1514464
0.1514464
0.1514464
0.1514464
0.1514464
0.1514464
0.1514464
0.1514464
0.1514464
0.1514464
0.1514464
0.1514464
0.1514464
0.1514464
0.1514464
0.1514464
0.1514464
0.15144641
0.15144641
0.15144641
0.15144641
0.15144641
0.15144641
0.15144641
0.15144641
0.15144641
0.15144642
0.15144642
0.15144642
0.15144642
0.15144642
0.15144642
0.15144642
0.15144643
0.15144643
0.15144643
0.15144643
0.15144643
0.15144643
0.15144643
0.15144643
0.15144644
0.15144644
0.15144644
0.15144644
0.15144644
0.15144644
0.15144644
0.15144644
0.15134048
0.15134048
0.15134048
0.15134048
0.15134048
0.15134048
0.15134048
0.15134048
0.15134048
0.15134048
0.15134048
0.15134049
0.15134049
0.15134049
0.15134049
0.15134049
0.15134049
0.15134049
0.15134049
0.15134049
0.15134049
0.15134049
0.1513405
0.1513405
0.1513405
0.1513405
0.1513405
0.1513405
0.1513405
0.1513405
0.15134051
0.15134051
0.15134051
0.15134051
0.15134051
0.15134051
0.15134051
0.15134051
0.15134052
0.15134052
0.15134052
0.15134052
0.15134052
0.15134052
0.15134052
0.15134052
0.15134052
0.15134053
0.15134053
0.15134053
0.15123453
0.15123453
0.15123453
0.15123453
0.15123453
0.15123453
0.15123453
0.15123453
0.15123453
0.15123453
0.15123453
0.15123453
0.15123453
0.15123453
0.15123453
0.15123453
0.15123453
0.15123453
0.15123454
0.15123454
0.15123454
0.15123454
0.15123454
0.15123454
0.15123454
0.15123454
0.15123454
0.15123455
0.15123455
0.15123455
0.15123455
0.15123455
0.15123455
0.15123455
0.15123456
0.15123456
0.15123456
0.15123456
0.15123456
0.15123456
0.15123456
0.15123456
0.15123457
0.15123457
0.15123457
0.15123457
0.15123457
0.15123457
0.15123457
0.15123457
0.15112853
0.15112853
0.15112853
0.15112853
0.15112853
0.15112853
0.15112853
0.15112853
0.15112853
0.15112853
0.15112853
0.15112853
0.15112853
0.15112853
0.15112853
0.15112854
0.15112854
0.15112854
0.15112854
0.15112854
0.15112854
0.15112854
0.15112854
0.15112854
0.15112855
0.15112855
0.15112855
0.15112855
0.15112855
0.15112855
0.15112855
0.15112855
0.15112856
0.15112856
0.15112856
0.15112856
0.15112856
0.15112856
0.15112856
0.15112857
0.15112857
0.15112857
0.15112857
0.15112857
0.15112857
0.15112857
0.15112857
0.15112857
0.15112857
0.15112857
0.15102249
0.15102249
0.15102249
0.15102249
0.15102249
0.15102249
0.15102249
0.15102249
0.15102249
0.15102249
0.15102249
0.15102249
0.15102249
0.1510225
0.1510225
0.1510225
0.1510225
0.1510225
0.1510225
0.1510225
0.1510225
0.1510225
0.1510225
0.15102251
0.15102251
0.15102251
0.15102251
0.15102251
0.15102251
0.15102251
0.15102251
0.15102252
0.15102252
0.15102252
0.15102252
0.15102252
0.15102252
0.15102252
0.15102253
0.15102253
0.15102253
0.15102253
0.15102253
0.15102253
0.15102253
0.15102253
0.15102253
0.15102253
0.15102254
0.15102254
0.15091641
0.15091641
0.15091641
0.15091641
0.15091641
0.15091641
0.15091641
0.15091641
0.15091641
0.15091641
0.15091641
0.15091641
0.15091641
0.15091641
0.15091642
0.15091642
0.15091642
0.15091642
0.15091642
0.15091642
0.15091642
0.15091642
0.15091642
0.15091642
0.15091643
0.15091643
0.15091643
0.15091643
0.15091643
0.15091643
0.15091643
0.15091644
0.15091644
0.15091644
0.15091644
0.15091644
0.15091644
0.15091644
0.15091644
0.15091645
0.15091645
0.15091645
0.15091645
0.15091645
0.15091645
0.15091645
0.15091645
0.15091645
0.15091645
0.15091646
0.15081029
0.15081029
0.15081029
0.15081029
0.15081029
0.15081029
0.15081029
0.15081029
0.15081029
0.15081029
0.15081029
0.15081029
0.15081029
0.15081029
0.15081029
0.15081029
0.15081029
0.15081029
0.1508103
0.1508103
0.1508103
0.1508103
0.1508103
0.1508103
0.1508103
0.1508103
0.1508103
0.15081031
0.15081031
0.15081031
0.15081031
0.15081031
0.15081031
0.15081031
0.15081032
0.15081032
0.15081032
0.15081032
0.15081032
0.15081032
0.15081032
0.15081032
0.15081033
0.15081033
0.15081033
0.15081033
0.15081033
0.15081033
0.15081033
0.15081033
0.15070412
0.15070412
0.15070412
0.15070412
0.15070412
0.15070412
0.15070412
0.15070412
0.15070412
0.15070412
0.15070412
0.15070412
0.15070412
0.15070412
0.15070412
0.15070412
0.15070413
0.15070413
0.15070413
0.15070413
0.15070413
0.15070413
0.15070413
0.15070413
0.15070413
0.15070414
0.15070414
0.15070414
0.15070414
0.15070414
0.15070414
0.15070414
0.15070414
0.15070415
0.15070415
0.15070415
0.15070415
0.15070415
0.15070415
0.15070415
0.15070416
0.15070416
0.15070416
0.15070416
0.15070416
0.15070416
0.15070416
0.15070416
0.15070416
0.15070416
0.15059791
0.15059791
0.1505979
0.1505979
0.15059791
0.15059791
0.15059791
0.15059791
0.15059791
0.15059791
0.15059791
0.15059791
0.15059791
0.15059791
0.15059791
0.15059791
0.15059791
0.15059791
0.15059791
0.15059792
0.15059792
0.15059792
0.15059792
0.15059792
0.15059792
0.15059792
0.15059792
0.15059793
0.15059793
0.15059793
0.15059793
0.15059793
0.15059793
0.15059793
0.15059793
0.15059794
0.15059794
0.15059794
0.15059794
0.15059794
0.15059794
0.15059794
0.15059795
0.15059795
0.15059795
0.15059795
0.15059795
0.15059795
0.15059795
0.15059795
0.15049165
0.15049165
0.15049165
0.15049165
0.15049165
0.15049165
0.15049165
0.15049165
0.15049165
0.15049165
0.15049165
0.15049165
0.15049165
0.15049165
0.15049165
0.15049165
0.15049165
0.15049165
0.15049165
0.15049166
0.15049166
0.15049166
0.15049166
0.15049166
0.15049166
0.15049166
0.15049166
0.15049167
0.15049167
0.15049167
0.15049167
0.15049167
0.15049167
0.15049167
0.15049168
0.15049168
0.15049168
0.15049168
0.15049168
0.15049168
0.15049168
0.15049168
0.15049169
0.15049169
0.15049169
0.15049169
0.15049169
0.15049169
0.15049169
0.15049169
0.15038534
0.15038534
0.15038534
0.15038534
0.15038534
0.15038534
0.15038534
0.15038534
0.15038534
0.15038534
0.15038534
0.15038534
0.15038534
0.15038534
0.15038534
0.15038534
0.15038534
0.15038535
0.15038535
0.15038535
0.15038535
0.15038535
0.15038535
0.15038535
0.15038535
0.15038536
0.15038536
0.15038536
0.15038536
0.15038536
0.15038536
0.15038536
0.15038536
0.15038537
0.15038537
0.15038537
0.15038537
0.15038537
0.15038537
0.15038537
0.15038538
0.15038538
0.15038538
0.15038538
0.15038538
0.15038538
0.15038538
0.15038538
0.15038538
0.15038538
0.15027898
0.15027898
0.15027898
0.15027898
0.15027898
0.15027898
0.15027898
0.15027898
0.15027898
0.15027898
0.15027898
0.15027898
0.15027898
0.15027898
0.15027898
0.15027899
0.15027899
0.15027899
0.15027899
0.15027899
0.15027899
0.15027899
0.15027899
0.15027899
0.150279
0.150279
0.150279
0.150279
0.150279
0.150279
0.150279
0.150279
0.15027901
0.15027901
0.15027901
0.15027901
0.15027901
0.15027901
0.15027901
0.15027902
0.15027902
0.15027902
0.15027902
0.15027902
0.15027902
0.15027902
0.15027902
0.15027902
0.15027902
0.15027903
0.15017257
0.15017257
0.15017257
0.15017257
0.15017257
0.15017257
0.15017257
0.15017257
0.15017257
0.15017257
0.15017257
0.15017257
0.15017257
0.15017257
0.15017257
0.15017257
0.15017257
0.15017258
0.15017258
0.15017258
0.15017258
0.15017258
0.15017258
0.15017258
0.15017258
0.15017258
0.15017259
0.15017259
0.15017259
0.15017259
0.15017259
0.15017259
0.15017259
0.1501726
0.1501726
0.1501726
0.1501726
0.1501726
0.1501726
0.1501726
0.15017261
0.15017261
0.15017261
0.15017261
0.15017261
0.15017261
0.15017261
0.15017261
0.15017261
0.15017261
0.1500661
0.1500661
0.1500661
0.1500661
0.1500661
0.1500661
0.1500661
0.1500661
0.1500661
0.1500661
0.1500661
0.1500661
0.1500661
0.1500661
0.1500661
0.15006611
0.15006611
0.15006611
0.15006611
0.15006611
0.15006611
0.15006611
0.15006611
0.15006611
0.15006612
0.15006612
0.15006612
0.15006612
0.15006612
0.15006612
0.15006612
0.15006613
0.15006613
0.15006613
0.15006613
0.15006613
0.15006613
0.15006613
0.15006613
0.15006614
0.15006614
0.15006614
0.15006614
0.15006614
0.15006614
0.15006614
0.15006614
0.15006614
0.15006615
0.15006615
0.14995957
0.14995957
0.14995957
0.14995957
0.14995957
0.14995957
0.14995957
0.14995957
0.14995957
0.14995957
0.14995957
0.14995957
0.14995958
0.14995958
0.14995958
0.14995958
0.14995958
0.14995958
0.14995958
0.14995958
0.14995958
0.14995958
0.14995959
0.14995959
0.14995959
0.14995959
0.14995959
0.14995959
0.14995959
0.14995959
0.1499596
0.1499596
0.1499596
0.1499596
0.1499596
0.1499596
0.1499596
0.14995961
0.14995961
0.14995961
0.14995961
0.14995961
0.14995961
0.14995961
0.14995961
0.14995962
0.14995962
0.14995962
0.14995962
0.14995962
0.14985298
0.14985298
0.14985298
0.14985298
0.14985298
0.14985298
0.14985298
0.14985298
0.14985298
0.14985298
0.14985298
0.14985298
0.14985298
0.14985299
0.14985299
0.14985299
0.14985299
0.14985299
0.14985299
0.14985299
0.14985299
0.14985299
0.14985299
0.149853
0.149853
0.149853
0.149853
0.149853
0.149853
0.149853
0.149853
0.14985301
0.14985301
0.14985301
0.14985301
0.14985301
0.14985301
0.14985301
0.14985302
0.14985302
0.14985302
0.14985302
0.14985302
0.14985302
0.14985302
0.14985302
0.14985303
0.14985303
0.14985303
0.14985303
0.14974632
0.14974632
0.14974632
0.14974632
0.14974632
0.14974632
0.14974632
0.14974632
0.14974632
0.14974632
0.14974632
0.14974632
0.14974632
0.14974633
0.14974633
0.14974633
0.14974633
0.14974633
0.14974633
0.14974633
0.14974633
0.14974633
0.14974633
0.14974634
0.14974634
0.14974634
0.14974634
0.14974634
0.14974634
0.14974634
0.14974635
0.14974635
0.14974635
0.14974635
0.14974635
0.14974635
0.14974635
0.14974635
0.14974636
0.14974636
0.14974636
0.14974636
0.14974636
0.14974636
0.14974636
0.14974636
0.14974637
0.14974637
0.14974637
0.14974637
0.14963959
0.14963959
0.14963959
0.14963959
0.14963959
0.14963959
0.14963959
0.14963959
0.14963959
0.14963959
0.14963959
0.14963959
0.14963959
0.14963959
0.14963959
0.14963959
0.14963959
0.1496396
0.1496396
0.1496396
0.1496396
0.1496396
0.1496396
0.1496396
0.1496396
0.1496396
0.14963961
0.14963961
0.14963961
0.14963961
0.14963961
0.14963961
0.14963961
0.14963962
0.14963962
0.14963962
0.14963962
0.14963962
0.14963962
0.14963962
0.14963962
0.14963963
0.14963963
0.14963963
0.14963963
0.14963963
0.14963963
0.14963963
0.14963963
0.14963963
0.14953277
0.14953277
0.14953277
0.14953277
0.14953277
0.14953277
0.14953277
0.14953277
0.14953277
0.14953277
0.14953277
0.14953278
0.14953278
0.14953278
0.14953278
0.14953278
0.14953278
0.14953278
0.14953278
0.14953278
0.14953278
0.14953278
0.14953279
0.14953279
0.14953279
0.14953279
0.14953279
0.14953279
0.14953279
0.1495328
0.1495328
0.1495328
0.1495328
0.1495328
0.1495328
0.1495328
0.1495328
0.14953281
0.14953281
0.14953281
0.14953281
0.14953281
0.14953281
0.14953281
0.14953281
0.14953282
0.14953282
0.14953282
0.14953282
0.14953282
0.14942587
0.14942587
0.14942587
0.14942587
0.14942587
0.14942587
0.14942587
0.14942587
0.14942587
0.14942587
0.14942587
0.14942587
0.14942587
0.14942587
0.14942587
0.14942588
0.14942588
0.14942588
0.14942588
0.14942588
0.14942588
0.14942588
0.14942588
0.14942588
0.14942589
0.14942589
0.14942589
0.14942589
0.14942589
0.14942589
0.14942589
0.14942589
0.1494259
0.1494259
0.1494259
0.1494259
0.1494259
0.1494259
0.1494259
0.14942591
0.14942591
0.14942591
0.14942591
0.14942591
0.14942591
0.14942591
0.14942591
0.14942591
0.14942591
0.14942592
0.14931887
0.14931887
0.14931887
0.14931887
0.14931887
0.14931887
0.14931887
0.14931887
0.14931887
0.14931887
0.14931887
0.14931887
0.14931887
0.14931887
0.14931887
0.14931887
0.14931888
0.14931888
0.14931888
0.14931888
0.14931888
0.14931888
0.14931888
0.14931888
0.14931888
0.14931889
0.14931889
0.14931889
0.14931889
0.14931889
0.14931889
0.14931889
0.1493189
0.1493189
0.1493189
0.1493189
0.1493189
0.1493189
0.1493189
0.1493189
0.14931891
0.14931891
0.14931891
0.14931891
0.14931891
0.14931891
0.14931891
0.14931891
0.14931891
0.14931891
0.14921176
0.14921176
0.14921176
0.14921176
0.14921176
0.14921176
0.14921176
0.14921176
0.14921176
0.14921176
0.14921176
0.14921176
0.14921176
0.14921176
0.14921176
0.14921176
0.14921177
0.14921177
0.14921177
0.14921177
0.14921177
0.14921177
0.14921177
0.14921177
0.14921177
0.14921178
0.14921178
0.14921178
0.14921178
0.14921178
0.14921178
0.14921178
0.14921179
0.14921179
0.14921179
0.14921179
0.14921179
0.14921179
0.14921179
0.1492118
0.1492118
0.1492118
0.1492118
0.1492118
0.1492118
0.1492118
0.1492118
0.1492118
0.1492118
0.14921181
0.14910453
0.14910453
0.14910453
0.14910453
0.14910453
0.14910453
0.14910453
0.14910453
0.14910453
0.14910453
0.14910453
0.14910453
0.14910453
0.14910453
0.14910453
0.14910453
0.14910454
0.14910454
0.14910454
0.14910454
0.14910454
0.14910454
0.14910454
0.14910454
0.14910454
0.14910455
0.14910455
0.14910455
0.14910455
0.14910455
0.14910455
0.14910455
0.14910456
0.14910456
0.14910456
0.14910456
0.14910456
0.14910456
0.14910456
0.14910456
0.14910457
0.14910457
0.14910457
0.14910457
0.14910457
0.14910457
0.14910457
0.14910457
0.14910457
0.14910457
0.14899716
0.14899716
0.14899716
0.14899716
0.14899716
0.14899716
0.14899716
0.14899716
0.14899716
0.14899716
0.14899716
0.14899716
0.14899717
0.14899717
0.14899717
0.14899717
0.14899717
0.14899717
0.14899717
0.14899717
0.14899717
0.14899717
0.14899718
0.14899718
0.14899718
0.14899718
0.14899718
0.14899718
0.14899718
0.14899718
0.14899719
0.14899719
0.14899719
0.14899719
0.14899719
0.14899719
0.14899719
0.1489972
0.1489972
0.1489972
0.1489972
0.1489972
0.1489972
0.1489972
0.1489972
0.1489972
0.14899721
0.14899721
0.14899721
0.14899721
0.14888964
0.14888964
0.14888964
0.14888964
0.14888964
0.14888964
0.14888964
0.14888964
0.14888964
0.14888964
0.14888964
0.14888964
0.14888964
0.14888964
0.14888965
0.14888965
0.14888965
0.14888965
0.14888965
0.14888965
0.14888965
0.14888965
0.14888965
0.14888966
0.14888966
0.14888966
0.14888966
0.14888966
0.14888966
0.14888966
0.14888966
0.14888967
0.14888967
0.14888967
0.14888967
0.14888967
0.14888967
0.14888967
0.14888968
0.14888968
0.14888968
0.14888968
0.14888968
0.14888968
0.14888968
0.14888968
0.14888968
0.14888969
0.14888969
0.14888969
0.14878194
0.14878194
0.14878194
0.14878194
0.14878194
0.14878194
0.14878194
0.14878194
0.14878194
0.14878194
0.14878195
0.14878195
0.14878195
0.14878195
0.14878195
0.14878195
0.14878195
0.14878195
0.14878195
0.14878195
0.14878195
0.14878196
0.14878196
0.14878196
0.14878196
0.14878196
0.14878196
0.14878196
0.14878196
0.14878197
0.14878197
0.14878197
0.14878197
0.14878197
0.14878197
0.14878197
0.14878198
0.14878198
0.14878198
0.14878198
0.14878198
0.14878198
0.14878198
0.14878198
0.14878198
0.14878199
0.14878199
0.14878199
0.14878199
0.14878199
0.14867404
0.14867404
0.14867404
0.14867404
0.14867404
0.14867404
0.14867404
0.14867404
0.14867404
0.14867404
0.14867404
0.14867405
0.14867405
0.14867405
0.14867405
0.14867405
0.14867405
0.14867405
0.14867405
0.14867405
0.14867405
0.14867405
0.14867406
0.14867406
0.14867406
0.14867406
0.14867406
0.14867406
0.14867406
0.14867406
0.14867407
0.14867407
0.14867407
0.14867407
0.14867407
0.14867407
0.14867407
0.14867408
0.14867408
0.14867408
0.14867408
0.14867408
0.14867408
0.14867408
0.14867408
0.14867408
0.14867409
0.14867409
0.14867409
0.14867409
0.14856591
0.14856591
0.14856591
0.14856591
0.14856591
0.14856591
0.14856591
0.14856591
0.14856591
0.14856591
0.14856591
0.14856591
0.14856591
0.14856591
0.14856591
0.14856591
0.14856591
0.14856591
0.14856592
0.14856592
0.14856592
0.14856592
0.14856592
0.14856592
0.14856592
0.14856592
0.14856592
0.14856593
0.14856593
0.14856593
0.14856593
0.14856593
0.14856593
0.14856593
0.14856594
0.14856594
0.14856594
0.14856594
0.14856594
0.14856594
0.14856594
0.14856594
0.14856595
0.14856595
0.14856595
0.14856595
0.14856595
0.14856595
0.14856595
0.14856595
0.14845749
0.14845749
0.14845749
0.14845749
0.14845749
0.14845749
0.1484575
0.1484575
0.1484575
0.1484575
0.1484575
0.1484575
0.1484575
0.1484575
0.1484575
0.1484575
0.1484575
0.1484575
0.1484575
0.1484575
0.14845751
0.14845751
0.14845751
0.14845751
0.14845751
0.14845751
0.14845751
0.14845751
0.14845752
0.14845752
0.14845752
0.14845752
0.14845752
0.14845752
0.14845752
0.14845752
0.14845753
0.14845753
0.14845753
0.14845753
0.14845753
0.14845753
0.14845753
0.14845753
0.14845754
0.14845754
0.14845754
0.14845754
0.14845754
0.14845754
0.14834876
0.14834876
0.14834876
0.14834876
0.14834876
0.14834876
0.14834876
0.14834876
0.14834876
0.14834876
0.14834876
0.14834876
0.14834876
0.14834876
0.14834876
0.14834876
0.14834876
0.14834877
0.14834877
0.14834877
0.14834877
0.14834877
0.14834877
0.14834877
0.14834877
0.14834877
0.14834878
0.14834878
0.14834878
0.14834878
0.14834878
0.14834878
0.14834878
0.14834878
0.14834879
0.14834879
0.14834879
0.14834879
0.14834879
0.14834879
0.14834879
0.14834879
0.1483488
0.1483488
0.1483488
0.1483488
0.1483488
0.1483488
0.1483488
0.1483488
0.14823963
0.14823963
0.14823963
0.14823963
0.14823963
0.14823963
0.14823963
0.14823963
0.14823963
0.14823963
0.14823963
0.14823963
0.14823964
0.14823964
0.14823964
0.14823964
0.14823964
0.14823964
0.14823964
0.14823964
0.14823964
0.14823964
0.14823965
0.14823965
0.14823965
0.14823965
0.14823965
0.14823965
0.14823965
0.14823965
0.14823965
0.14823966
0.14823966
0.14823966
0.14823966
0.14823966
0.14823966
0.14823966
0.14823967
0.14823967
0.14823967
0.14823967
0.14823967
0.14823967
0.14823967
0.14823967
0.14823967
0.14823967
0.14823967
0.14823968
0.14813004
0.14813004
0.14813004
0.14813004
0.14813004
0.14813004
0.14813004
0.14813004
0.14813004
0.14813004
0.14813004
0.14813004
0.14813004
0.14813004
0.14813005
0.14813005
0.14813005
0.14813005
0.14813005
0.14813005
0.14813005
0.14813005
0.14813005
0.14813005
0.14813006
0.14813006
0.14813006
0.14813006
0.14813006
0.14813006
0.14813006
0.14813006
0.14813007
0.14813007
0.14813007
0.14813007
0.14813007
0.14813007
0.14813007
0.14813007
0.14813008
0.14813008
0.14813008
0.14813008
0.14813008
0.14813008
0.14813008
0.14813008
0.14813008
0.14813008
0.14801989
0.14801989
0.14801989
0.14801989
0.14801989
0.14801989
0.14801989
0.14801989
0.14801989
0.14801989
0.14801989
0.14801989
0.14801989
0.14801989
0.14801989
0.14801989
0.14801989
0.14801989
0.14801989
0.1480199
0.1480199
0.1480199
0.1480199
0.1480199
0.1480199
0.1480199
0.1480199
0.1480199
0.14801991
0.14801991
0.14801991
0.14801991
0.14801991
0.14801991
0.14801991
0.14801991
0.14801992
0.14801992
0.14801992
0.14801992
0.14801992
0.14801992
0.14801992
0.14801992
0.14801992
0.14801992
0.14801993
0.14801993
0.14801993
0.14801993
0.14790905
0.14790905
0.14790905
0.14790905
0.14790905
0.14790905
0.14790905
0.14790905
0.14790905
0.14790905
0.14790905
0.14790905
0.14790905
0.14790906
0.14790906
0.14790906
0.14790906
0.14790906
0.14790906
0.14790906
0.14790906
0.14790906
0.14790906
0.14790906
0.14790907
0.14790907
0.14790907
0.14790907
0.14790907
0.14790907
0.14790907
0.14790907
0.14790907
0.14790908
0.14790908
0.14790908
0.14790908
0.14790908
0.14790908
0.14790908
0.14790908
0.14790909
0.14790909
0.14790909
0.14790909
0.14790909
0.14790909
0.14790909
0.14790909
0.14790909
0.1477974
0.1477974
0.1477974
0.1477974
0.1477974
0.1477974
0.1477974
0.1477974
0.1477974
0.1477974
0.1477974
0.1477974
0.1477974
0.14779741
0.14779741
0.14779741
0.14779741
0.14779741
0.14779741
0.14779741
0.14779741
0.14779741
0.14779741
0.14779741
0.14779742
0.14779742
0.14779742
0.14779742
0.14779742
0.14779742
0.14779742
0.14779742
0.14779742
0.14779743
0.14779743
0.14779743
0.14779743
0.14779743
0.14779743
0.14779743
0.14779743
0.14779743
0.14779744
0.14779744
0.14779744
0.14779744
0.14779744
0.14779744
0.14779744
0.14779744
0.14768481
0.14768481
0.14768481
0.14768481
0.14768481
0.14768481
0.14768481
0.14768481
0.14768481
0.14768481
0.14768481
0.14768481
0.14768481
0.14768481
0.14768481
0.14768481
0.14768481
0.14768481
0.14768481
0.14768481
0.14768482
0.14768482
0.14768482
0.14768482
0.14768482
0.14768482
0.14768482
0.14768482
0.14768482
0.14768482
0.14768483
0.14768483
0.14768483
0.14768483
0.14768483
0.14768483
0.14768483
0.14768483
0.14768483
0.14768484
0.14768484
0.14768484
0.14768484
0.14768484
0.14768484
0.14768484
0.14768484
0.14768484
0.14768484
0.14768484
0.14757119
0.14757119
0.14757119
0.14757119
0.14757119
0.14757119
0.14757119
0.14757119
0.14757119
0.14757119
0.14757119
0.14757119
0.14757119
0.14757119
0.14757119
0.14757119
0.14757119
0.14757119
0.1475712
0.1475712
0.1475712
0.1475712
0.1475712
0.1475712
0.1475712
0.1475712
0.1475712
0.1475712
0.14757121
0.14757121
0.14757121
0.14757121
0.14757121
0.14757121
0.14757121
0.14757121
0.14757121
0.14757121
0.14757122
0.14757122
0.14757122
0.14757122
0.14757122
0.14757122
0.14757122
0.14757122
0.14757122
0.14757122
0.14757122
0.14757122
0.14745665
0.14745665
0.14745665
0.14745665
0.14745665
0.14745665
0.14745666
0.14745666
0.14745666
0.14745666
0.14745666
0.14745666
0.14745666
0.14745666
0.14745666
0.14745666
0.14745666
0.14745666
0.14745666
0.14745666
0.14745666
0.14745666
0.14745667
0.14745667
0.14745667
0.14745667
0.14745667
0.14745667
0.14745667
0.14745667
0.14745667
0.14745667
0.14745668
0.14745668
0.14745668
0.14745668
0.14745668
0.14745668
0.14745668
0.14745668
0.14745668
0.14745668
0.14745668
0.14745669
0.14745669
0.14745669
0.14745669
0.14745669
0.14745669
0.14745669
0.14734174
0.14734174
0.14734174
0.14734174
0.14734174
0.14734174
0.14734174
0.14734174
0.14734174
0.14734174
0.14734174
0.14734174
0.14734174
0.14734174
0.14734174
0.14734174
0.14734174
0.14734174
0.14734174
0.14734174
0.14734174
0.14734174
0.14734175
0.14734175
0.14734175
0.14734175
0.14734175
0.14734175
0.14734175
0.14734175
0.14734175
0.14734175
0.14734175
0.14734176
0.14734176
0.14734176
0.14734176
0.14734176
0.14734176
0.14734176
0.14734176
0.14734176
0.14734176
0.14734176
0.14734176
0.14734177
0.14734177
0.14734177
0.14734177
0.14734177
0.1472277
0.1472277
0.1472277
0.1472277
0.1472277
0.1472277
0.1472277
0.1472277
0.1472277
0.1472277
0.1472277
0.1472277
0.1472277
0.1472277
0.1472277
0.1472277
0.1472277
0.1472277
0.1472277
0.1472277
0.1472277
0.14722771
0.14722771
0.14722771
0.14722771
0.14722771
0.14722771
0.14722771
0.14722771
0.14722771
0.14722771
0.14722771
0.14722771
0.14722772
0.14722772
0.14722772
0.14722772
0.14722772
0.14722772
0.14722772
0.14722772
0.14722772
0.14722772
0.14722772
0.14722772
0.14722772
0.14722772
0.14722773
0.14722773
0.14722773
0.14711668
0.14711668
0.14711668
0.14711668
0.14711668
0.14711668
0.14711668
0.14711668
0.14711668
0.14711669
0.14711669
0.14711669
0.14711669
0.14711669
0.14711669
0.14711669
0.14711669
0.14711669
0.14711669
0.14711669
0.14711669
0.14711669
0.14711669
0.14711669
0.14711669
0.14711669
0.1471167
0.1471167
0.1471167
0.1471167
0.1471167
0.1471167
0.1471167
0.1471167
0.1471167
0.1471167
0.1471167
0.1471167
0.1471167
0.14711671
0.14711671
0.14711671
0.14711671
0.14711671
0.14711671
0.14711671
0.14711671
0.14711671
0.14711671
0.14711671
0.14701091
0.14701091
0.14701091
0.14701091
0.14701091
0.14701091
0.14701091
0.14701091
0.14701091
0.14701091
0.14701091
0.14701091
0.14701091
0.14701091
0.14701091
0.14701091
0.14701091
0.14701091
0.14701091
0.14701092
0.14701092
0.14701092
0.14701092
0.14701092
0.14701092
0.14701092
0.14701092
0.14701092
0.14701092
0.14701092
0.14701092
0.14701092
0.14701092
0.14701092
0.14701092
0.14701093
0.14701093
0.14701093
0.14701093
0.14701093
0.14701093
0.14701093
0.14701093
0.14701093
0.14701093
0.14701093
0.14701093
0.14701093
0.14701093
0.14701093
0.14690898
0.14690898
0.14690898
0.14690898
0.14690898
0.14690898
0.14690898
0.14690898
0.14690898
0.14690898
0.14690898
0.14690898
0.14690898
0.14690898
0.14690899
0.14690899
0.14690899
0.14690899
0.14690899
0.14690899
0.14690899
0.14690899
0.14690899
0.14690899
0.14690899
0.14690899
0.14690899
0.14690899
0.14690899
0.14690899
0.14690899
0.14690899
0.14690899
0.14690899
0.146909
0.146909
0.146909
0.146909
0.146909
0.146909
0.146909
0.146909
0.146909
0.146909
0.146909
0.146909
0.146909
0.146909
0.146909
0.146909
0.14678709
0.14678709
0.14678709
0.14678709
0.14678709
0.14678709
0.14678709
0.14678709
0.14678709
0.14678709
0.14678709
0.14678709
0.14678709
0.14678709
0.14678709
0.1467871
0.1467871
0.1467871
0.1467871
0.1467871
0.1467871
0.1467871
0.1467871
0.1467871
0.1467871
0.1467871
0.1467871
0.1467871
0.1467871
0.1467871
0.1467871
0.1467871
0.1467871
0.1467871
0.1467871
0.1467871
0.1467871
0.1467871
0.1467871
0.1467871
0.1467871
0.1467871
0.1467871
0.1467871
0.1467871
0.1467871
0.14678711
0.14678711
0.14678711
0.14678711
)
;

boundaryField
{
    inlet
    {
        type            calculated;
        value           nonuniform List<scalar> 
50
(
0.012598073
0.012598073
0.012598073
0.012598073
0.012598073
0.012598073
0.012598073
0.012598073
0.012598073
0.012598073
0.012598073
0.012598073
0.012598073
0.012598073
0.012598073
0.012598073
0.012598073
0.012598073
0.012598073
0.012598073
0.012598073
0.012598073
0.012598073
0.012598073
0.012598073
0.012598073
0.012598073
0.012598073
0.012598073
0.012598073
0.012598073
0.012598073
0.012598073
0.012598073
0.012598073
0.012598073
0.012598073
0.012598073
0.012598073
0.012598073
0.012598073
0.012598073
0.012598073
0.012598073
0.012598073
0.012598073
0.012598073
0.012598073
0.012598073
0.012598073
)
;
    }
    outlet
    {
        type            calculated;
        value           nonuniform List<scalar> 
50
(
0.018344438
0.018344438
0.018344438
0.018344438
0.018344438
0.018344438
0.018344438
0.018344438
0.018344438
0.018344438
0.018344438
0.018344438
0.018344438
0.018344438
0.018344438
0.018344438
0.018344438
0.018344438
0.018344438
0.018344438
0.018344438
0.018344438
0.018344438
0.018344438
0.018344438
0.018344438
0.018344438
0.018344438
0.018344438
0.018344438
0.018344438
0.018344438
0.018344438
0.018344438
0.018344438
0.018344438
0.018344438
0.018344438
0.018344438
0.018344438
0.018344438
0.018344438
0.018344438
0.018344438
0.018344438
0.018344438
0.018344438
0.018344438
0.018344438
0.018344438
)
;
    }
    wall
    {
        type            calculated;
        value           nonuniform List<scalar> 
120
(
1.4542938e-05
0.15572733
0.15905291
0.15895544
0.15885693
0.15875814
0.15865916
0.15855999
0.15846065
0.15836112
0.15826143
0.15816157
0.15806154
0.15796135
0.15786101
0.15776052
0.15765989
0.15755911
0.1574582
0.15735715
0.15725598
0.15715467
0.15705325
0.1569517
0.15685004
0.15674827
0.15664639
0.1565444
0.15644231
0.15634012
0.15623783
0.15613545
0.15603297
0.15593041
0.15582775
0.15572502
0.1556222
0.15551931
0.15541633
0.15531328
0.15521016
0.15510696
0.15500368
0.15490033
0.15479691
0.15469341
0.15458984
0.1544862
0.15438248
0.15427869
0.15417483
0.1540709
0.1539669
0.15386283
0.1537587
0.1536545
0.15355023
0.15344591
0.15334153
0.15323708
0.15313259
0.15302803
0.15292343
0.15281877
0.15271406
0.15260931
0.15250451
0.15239966
0.15229478
0.15218985
0.15208451
0.15197882
0.15187309
0.15176732
0.15166151
0.15155566
0.15144976
0.15134383
0.15123785
0.15113183
0.15102577
0.15091967
0.15081353
0.15070734
0.15060111
0.15049483
0.1503885
0.15028212
0.15017569
0.1500692
0.14996265
0.14985604
0.14974936
0.14964261
0.14953577
0.14942885
0.14932182
0.14921469
0.14910745
0.14900006
0.14889252
0.1487848
0.14867688
0.14856872
0.14846029
0.14835154
0.1482424
0.14813279
0.14802262
0.14791176
0.1478001
0.14768749
0.14757387
0.14745934
0.14734444
0.14723045
0.14711953
0.14701391
0.14691219
0.14678793
)
;
    }
    front
    {
        type            wedge;
    }
    back
    {
        type            wedge;
    }
    axis
    {
        type            empty;
    }
}


// ************************************************************************* //
